           9  0.45719936158921981     
           9  0.39296036296420628     
           9  0.51528779665629065     
           9  0.48335311147901749     
           9  0.47856230205959743     
           9  0.36804329024420845     
           9  0.53531336784362793     
           9  0.40460562705993652     
           9  0.49989827473958331     
           9  0.60445676909552681     
           9  0.58666637208726669     
           9  0.41928794648912215     
           9  0.43995181719462079     
           9  0.47257222069634330     
           9  0.35301462809244794     
           9  0.45980268054538304     
           9  0.48940904935201007     
           9  0.35103827052646214     
           9  0.59611535072326660     
           9  0.61423476537068689     
           9  0.49056193563673234     
           9  0.49395240677727592     
           9  0.50456277529398597     
           9  0.45273518562316895     
           9  0.52032266722785103     
           9  0.50488819016350639     
           9  0.47306481997172040     
           9  0.54923892021179199     
           9  0.52804099188910592     
           9  0.60287443796793616     
           9  0.64033903015984428     
           9  0.43965366151597762     
           9  0.51962523990207243     
           9  0.37288837962680393     
           9  0.46437104543050128     
           9  0.29910045199924046     
           9  0.49086348215738934     
           9  0.54145214292738175     
           9  0.50430515077379012     
           9  0.57051740752326119     
           9  0.52993379698859322     
           9  0.49935205777486164     
           9  0.49837279319763184     
           9  0.59157072173224556     
           9  0.52399897575378418     
           9  0.52491487397087944     
           9  0.39506098959181046     
           9  0.43677894274393719     
           9  0.50310473971896696     
           9  0.56317491001553011     
           9  0.51674853430853951     
           9  0.56510935889350045     
           9  0.54107631577385795     
           9  0.50250792503356934     
           9  0.47168525060017902     
           9  0.59075382020738387     
           9  0.51222870084974503     
           9  0.54885368876987028     
           9  0.53797422515021431     
           9  0.50328938166300452     
           9  0.59410052829318571     
           9  0.37893215815226239     
           9  0.48414760165744358     
           9  0.27819169892205131     
           9  0.58020173178778756     
           9  0.48819229337904191     
           9  0.59766697883605957     
           9  0.47709510061475968     
           9  0.66088996993170845     
           9  0.59588959481981063     
           9  0.51566547817654085     
           9  0.42810397677951390     
           9  0.55908762084113228     
           9  0.65220896402994788     
           9  0.55593180656433105     
           9  0.34933376312255859     
           9  0.62713617748684358     
           9  0.23552868101331922     
           9  0.41462119420369464     
           9  0.40810381041632759     
           9  0.33255677753024632     
           9  0.57855992847018767     
           9  0.44077110290527344     
           9  0.39609856075710720     
           9  0.35673218303256565     
           9  0.46373860041300458     
           9  0.65306997299194336     
           9  0.55423272980584037     
           9  0.44345082177056205     
           9  0.43644256061977810     
           9  0.54935012923346627     
           9  0.48103552394443089     
           9  0.59794921345180940     
           9  0.44214733441670734     
           9  0.36347235573662651     
           9  0.47841061486138237     
           9  0.35680119196573895     
           9  0.29603036244710285     
           9  0.43197313944498700     
           9  0.42029049661424422     
          27  0.35167109524762191     
          27  0.46092356575859916     
          27  0.44751072812963416     
          27  0.47777200628209998     
          27  0.45149130291408962     
          27  0.42543805087054215     
          27  0.50549828564679178     
          27  0.40051994500336824     
          27  0.53761797481113005     
          27  0.56464882250185366     
          27  0.55481797677499278     
          27  0.47500560018751359     
          27  0.51900325881110299     
          27  0.52270228774459271     
          27  0.41733018557230633     
          27  0.45071121498390482     
          27  0.58164688392921726     
          27  0.56443202937090842     
          27  0.56750767319290729     
          27  0.48973735173543292     
          27  0.46964633023297347     
          27  0.50536661677890349     
          27  0.54320829885977284     
          27  0.55880986319647896     
          27  0.53503100960342975     
          27  0.47378958596123588     
          27  0.49685936503940159     
          27  0.53207102528324834     
          27  0.49406486970406993     
          27  0.45874130284344711     
          27  0.57159554516827615     
          27  0.60863852500915527     
          27  0.46059302047446921     
          27  0.50518546281037502     
          27  0.46344896599098490     
          27  0.58052189261824994     
          27  0.48422305672257032     
          27  0.36481328363771792     
          27  0.46492850338971176     
          27  0.60591868118003567     
          27  0.61545505347075291     
          27  0.58973691198560929     
          27  0.44410418581079553     
          27  0.49463189089739762     
          27  0.52492277710526081     
          27  0.60863577878033670     
          27  0.57518762129324452     
          27  0.42233224268312808     
          27  0.45856783125135636     
          27  0.48686540568316422     
          27  0.45862650871276855     
          27  0.38481050950509532     
          27  0.54759490048443826     
          27  0.44884748812075015     
          27  0.55500078201293945     
          27  0.43335339758131242     
          27  0.50492102128488048     
          27  0.52089133969059698     
          27  0.42846230224326803     
          27  0.52917652659946013     
          27  0.49621401892768013     
          27  0.58480338697080259     
          27  0.51642781716805919     
          27  0.43628319104512531     
          27  0.53017496179651336     
          27  0.47927720458419237     
          27  0.56510127915276420     
          27  0.33157192336188424     
          27  0.50101225464432331     
          27  0.52759989985713251     
          27  0.52838399675157333     
          27  0.51762607362535262     
          27  0.54319185680813264     
          27  0.64694172364694102     
          27  0.51999251930801960     
          27  0.51027911680716054     
          27  0.44756420453389484     
          27  0.48783916897243923     
          27  0.48642917915626810     
          27  0.52062549414458104     
          27  0.43218076670611344     
          27  0.49777397403010615     
          27  0.47464057251259134     
          27  0.50131282983002834     
          27  0.31011856926812065     
          27  0.50831052109047214     
          27  0.55020208711977359     
          27  0.47098346992775247     
          27  0.51189421724390105     
          27  0.42927299605475533     
          27  0.55566455699779371     
          27  0.38177706577159742     
          27  0.56445708098234959     
          27  0.48691306290803132     
          27  0.42768330044216579     
          27  0.54068832044248227     
          27  0.50056312702320238     
          27  0.46181739701165092     
          27  0.48048796477141203     
          27  0.55685064527723527     
          81  0.45392654265886473     
          81  0.55855570310427816     
          81  0.51178345562499250     
          81  0.48121089699827596     
          81  0.48297490897002043     
          81  0.48776493543460048     
          81  0.46266935489795824     
          81  0.44704064910794483     
          81  0.48659767633602941     
          81  0.52537683793056156     
          81  0.50885552830166292     
          81  0.53870092792275515     
          81  0.51752071027402524     
          81  0.43769635683224523     
          81  0.47766457074954188     
          81  0.53178241517808700     
          81  0.43529106952525953     
          81  0.53732953542544515     
          81  0.50272834153822910     
          81  0.50994224312864700     
          81  0.49404252016985856     
          81  0.50986264958793737     
          81  0.55522215513535489     
          81  0.51210582403489102     
          81  0.46294251489050592     
          81  0.45804899121508186     
          81  0.52615781477939938     
          81  0.49324811240773142     
          81  0.49106318273662047     
          81  0.52777649738170485     
          81  0.50078647519335340     
          81  0.46238402378411941     
          81  0.47279210443849917     
          81  0.47709798518522284     
          81  0.49283515082465279     
          81  0.51247961138501574     
          81  0.44448927302419405     
          81  0.54266395980929150     
          81  0.51188008284863129     
          81  0.50358660721484527     
          81  0.54559761506539806     
          81  0.43936138388551310     
          81  0.44340288491896640     
          81  0.50178185510046691     
          81  0.50480823163632993     
          81  0.51079327971846966     
          81  0.50170856346318748     
          81  0.57808880747100455     
          81  0.48211529519822860     
          81  0.49922927515006360     
          81  0.52250223395265183     
          81  0.50314085277510279     
          81  0.49484617327466424     
          81  0.45589428183473185     
          81  0.49637403311552825     
          81  0.51599677403767907     
          81  0.52631572735162424     
          81  0.48232074137087222     
          81  0.55631839787518533     
          81  0.47098090619216731     
          81  0.48005046373532140     
          81  0.44273206922743058     
          81  0.47337482593677660     
          81  0.47727257822766717     
          81  0.47052692189628698     
          81  0.51132980982462561     
          81  0.46349665265024442     
          81  0.46184115645326212     
          81  0.56699343375217770     
          81  0.52346482394654070     
          81  0.46895613493742766     
          81  0.51379211449328765     
          81  0.52657830273663553     
          81  0.48966179070649324     
          81  0.53018738899701912     
          81  0.50061765717871398     
          81  0.51029648015528550     
          81  0.43750776184929741     
          81  0.48503652619726861     
          81  0.49875498112337091     
          81  0.48582505296777795     
          81  0.54931526419557175     
          81  0.51679567348809885     
          81  0.48682128941571273     
          81  0.50460856049149128     
          81  0.47039312492182228     
          81  0.44988711969352063     
          81  0.51799738554306973     
          81  0.52270232600930300     
          81  0.50112435847152903     
          81  0.43004007692690249     
          81  0.56334607689468952     
          81  0.49679801199171281     
          81  0.49853231877456478     
          81  0.47889570247979812     
          81  0.43527009163373781     
          81  0.49389834757204409     
          81  0.53634770416919098     
          81  0.54086427924073777     
          81  0.50338466667834625     
