   0.0000000000000000             1000        1000        1000        1000        1000        1000        1000        1000        1000        1000   1000.0000000000000        0.0000000000000000     
  0.10000000000000001              988         993         993         987         987         992         992         990         993         990   989.98299999999995        9.9441998170846341E-002
  0.20000000000000001              977         982         984         976         977         981         975         981         985         981   980.21100000000001       0.14101942773950996     
  0.30000000000000004              973         973         975         965         963         964         968         972         974         970   970.35500000000002       0.17453072795337873     
  0.40000000000000002              965         958         970         955         949         954         959         965         966         958   960.70100000000002       0.20106615577974837     
  0.50000000000000000              957         947         957         944         945         945         951         958         959         944   951.25000000000000       0.22478767759809698     
  0.60000000000000009              949         933         944         931         938         930         940         947         952         935   941.75999999999999       0.23768129922227427     
  0.70000000000000007              939         918         933         920         934         919         931         936         944         924   932.24000000000001       0.24925970392325197     
  0.80000000000000004              923         909         927         909         923         910         918         928         937         917   922.95699999999999       0.26743812555436136     
  0.90000000000000002              910         905         912         897         909         902         910         919         922         908   913.68299999999999       0.27980084167134228     
   1.0000000000000000              901         890         904         891         902         894         894         908         917         900   904.59100000000001       0.29488255119616924     
   1.1000000000000001              893         876         896         883         891         883         884         903         905         893   895.60599999999999       0.30869850015831163     
   1.2000000000000002              891         869         887         872         881         871         872         897         895         883   886.87300000000005       0.31990134573022161     
   1.3000000000000000              883         853         875         862         871         863         862         884         888         876   877.91399999999999       0.33331757229393000     
   1.4000000000000001              880         841         869         856         863         858         853         877         881         868   869.36000000000001       0.33865675838521891     
   1.5000000000000000              866         832         865         849         858         850         843         865         875         860   860.67100000000005       0.34769348426447771     
   1.6000000000000001              860         824         855         836         851         843         834         857         865         848   852.12699999999995       0.35615568365535893     
   1.7000000000000002              849         813         843         828         841         838         824         847         858         836   843.49699999999996       0.36394503843307646     
   1.8000000000000000              841         806         834         819         833         832         818         837         849         830   835.15700000000004       0.36836985625845525     
   1.9000000000000001              831         802         822         810         831         827         808         828         840         820   826.93700000000001       0.37250373286715538     
   2.0000000000000000              821         797         811         803         821         818         798         820         834         811   818.71699999999998       0.38264724094133390     
   2.1000000000000001              810         790         806         792         810         808         786         814         821         802   810.52499999999998       0.38582298402246595     
   2.2000000000000002              800         784         801         787         802         801         777         809         811         794   802.45899999999995       0.39242619560881220     
   2.3000000000000003              796         773         792         782         797         795         774         800         803         790   794.46400000000006       0.40040317681049042     
   2.4000000000000004              787         767         783         777         791         788         764         793         797         785   786.50199999999995       0.40059954568130418     
   2.5000000000000000              783         760         775         769         779         783         753         788         786         779   778.57000000000005       0.41127496884680909     
   2.6000000000000001              773         755         768         762         774         776         742         778         781         773   770.79700000000003       0.41939216850095801     
   2.7000000000000002              765         752         765         757         765         772         734         773         775         767   762.99699999999996       0.42452207363100974     
   2.8000000000000003              753         746         758         750         759         764         725         769         770         754   755.25199999999995       0.43442432712726936     
   2.9000000000000004              743         737         747         738         750         757         721         763         761         748   747.63999999999999       0.43464744333779570     
   3.0000000000000000              736         732         738         731         745         753         716         755         757         739   740.17700000000002       0.44198379042679009     
   3.1000000000000001              728         726         724         722         736         743         708         750         748         733   732.76400000000001       0.44550454992068506     
   3.2000000000000002              716         719         715         716         726         735         699         745         740         723   725.46500000000003       0.45454017974198552     
   3.3000000000000003              710         708         709         709         718         727         692         734         736         716   718.19500000000005       0.45561933124035048     
   3.4000000000000004              704         701         699         697         707         716         686         729         728         709   711.09199999999998       0.45263620712446567     
   3.5000000000000000              699         696         687         687         700         709         678         724         721         701   703.97699999999998       0.45730347800998089     
   3.6000000000000001              692         691         681         675         693         706         671         712         714         696   696.92399999999998       0.45749778578701489     
   3.7000000000000002              684         687         671         666         684         699         669         700         707         690   689.82899999999995       0.46092272562773184     
   3.8000000000000003              679         677         664         660         675         687         660         696         701         687   682.93600000000004       0.46280871210463226     
   3.9000000000000004              674         669         659         656         671         681         654         687         693         682   676.11099999999999       0.46496094352108064     
   4.0000000000000000              666         664         655         651         660         673         649         685         684         676   669.20899999999995       0.47124443657197568     
   4.1000000000000005              656         659         648         643         654         665         636         680         675         670   662.31200000000001       0.47684238066683560     
   4.2000000000000002              644         652         644         637         650         658         626         671         666         665   655.67200000000003       0.47632805502084735     
   4.2999999999999998              642         647         634         630         642         649         616         661         664         659   649.08399999999995       0.47689091415126333     
   4.4000000000000004              636         639         628         626         635         645         607         652         661         656   642.53099999999995       0.47990523960472914     
   4.5000000000000000              622         633         622         623         630         642         599         645         657         647   636.04700000000003       0.48102888790585818     
   4.6000000000000005              616         627         615         615         622         634         594         642         651         640   629.55399999999997       0.48035932800358200     
   4.7000000000000002              606         621         609         607         619         633         588         633         645         629   623.22400000000005       0.47956837260183660     
   4.8000000000000007              600         612         602         603         615         627         585         625         638         623   616.99900000000002       0.47779388757078461     
   4.9000000000000004              598         606         595         595         608         620         580         617         631         621   610.82899999999995       0.48329882991795592     
   5.0000000000000000              595         598         587         584         599         615         576         614         627         613   604.67700000000002       0.48387671053687387     
   5.1000000000000005              584         592         584         580         595         609         570         607         623         608   598.66099999999994       0.48515160414044972     
   5.2000000000000002              579         587         578         574         591         602         566         596         615         602   592.74300000000005       0.49033147053800707     
   5.3000000000000007              570         582         575         571         586         599         562         590         607         591   586.70000000000005       0.49160146460309095     
   5.4000000000000004              566         576         571         566         579         593         562         587         600         588   580.77300000000002       0.49161719965844564     
   5.5000000000000000              556         568         561         562         575         585         559         582         597         580   574.89499999999998       0.49477871316379890     
   5.6000000000000005              548         561         559         553         568         579         553         576         594         577   569.05300000000000       0.49558671390587955     
   5.7000000000000002              543         553         553         547         562         575         550         569         589         572   563.40499999999997       0.49795077567968560     
   5.8000000000000007              539         551         542         541         557         567         541         567         579         565   557.83000000000004       0.50100608778729405     
   5.9000000000000004              534         545         538         536         548         559         534         560         573         558   552.31399999999996       0.50209302325371774     
   6.0000000000000000              530         542         532         533         543         549         527         554         569         552   546.81200000000001       0.50402842776968804     
   6.1000000000000005              525         536         529         525         539         545         522         551         563         548   541.44600000000003       0.50205884515658605     
   6.2000000000000002              518         531         523         519         531         542         520         545         558         541   535.99099999999999       0.50589220096774612     
   6.3000000000000007              509         526         516         515         526         538         518         539         552         537   530.54200000000003       0.50768123463447334     
   6.4000000000000004              505         521         510         505         519         533         514         534         545         532   525.14800000000002       0.50966076560780260     
   6.5000000000000000              502         517         505         501         514         525         508         531         532         530   519.79999999999995       0.51175775519283340     
   6.6000000000000005              499         507         500         497         508         520         504         526         527         518   514.53300000000002       0.51565386743434460     
   6.7000000000000002              493         497         494         492         505         519         499         521         524         515   509.48300000000000       0.51533068121350378     
   6.8000000000000007              490         492         489         482         498         515         494         515         518         512   504.42700000000002       0.51433711804610582     
   6.9000000000000004              485         486         483         477         495         510         485         511         514         507   499.34500000000003       0.51300289960191814     
   7.0000000000000000              481         480         480         474         492         500         483         505         507         503   494.41100000000000       0.51280803328341029     
   7.1000000000000005              479         477         478         469         487         494         476         501         503         502   489.50799999999998       0.51342568693045276     
   7.2000000000000002              471         473         469         457         483         489         472         496         495         500   484.55799999999999       0.51483068673108434     
   7.3000000000000007              467         471         466         450         475         487         464         490         490         499   479.57700000000000       0.51364196771680981     
   7.4000000000000004              464         468         461         442         469         482         456         486         479         494   474.90600000000001       0.51350673218564646     
   7.5000000000000000              461         464         454         437         465         478         450         477         472         488   470.08800000000002       0.50992965789406819     
   7.6000000000000005              457         461         447         433         462         474         443         470         470         486   465.26200000000000       0.51093185064156144     
   7.7000000000000002              448         453         444         431         457         470         438         463         466         482   460.67700000000002       0.50677871995574197     
   7.8000000000000007              443         449         437         428         449         466         430         458         461         475   455.95299999999997       0.50712403906739301     
   7.9000000000000004              439         444         436         423         444         461         427         456         460         472   451.37599999999998       0.50550432639100307     
   8.0000000000000000              435         439         430         420         440         456         426         452         458         464   446.90800000000002       0.50624454169894373     
   8.0999999999999996              432         438         429         415         440         451         419         446         453         460   442.34199999999998       0.50797345993663312     
   8.2000000000000011              426         436         427         411         435         448         415         443         448         455   437.94600000000003       0.51144607144838805     
   8.3000000000000007              423         431         423         407         430         447         412         441         440         448   433.52800000000002       0.50886070392590710     
   8.4000000000000004              415         425         420         400         427         440         408         436         438         444   429.03199999999998       0.50906873406253650     
   8.5000000000000000              413         423         412         399         422         437         403         434         434         437   424.79000000000002       0.50806092154384852     
   8.5999999999999996              409         417         408         397         417         434         399         433         432         434   420.58499999999998       0.50328399040702321     
   8.7000000000000011              406         416         405         392         411         428         396         428         428         428   416.46899999999999       0.50373905844197042     
   8.8000000000000007              400         411         400         389         408         425         391         425         422         423   412.32799999999997       0.50342667390596130     
   8.9000000000000004              395         407         394         387         404         419         389         421         420         422   408.28100000000001       0.50433326184182958     
   9.0000000000000000              387         400         389         383         402         416         385         419         415         420   404.06200000000001       0.50585388799533892     
   9.0999999999999996              387         395         386         380         395         411         378         416         410         416   400.02600000000001       0.50820205036972599     
   9.2000000000000011              382         392         382         377         393         405         375         414         403         415   396.09100000000001       0.50303948055792203     
   9.3000000000000007              380         388         379         375         390         400         373         410         399         409   392.18500000000000       0.50413963839397757     
   9.4000000000000004              379         384         376         369         388         396         370         406         394         403   388.23899999999998       0.50288356405835299     
   9.5000000000000000              376         381         374         364         380         390         366         403         392         401   384.30900000000003       0.49805172321753660     
   9.6000000000000014              372         377         369         360         377         385         361         397         390         397   380.44200000000001       0.49766317525010501     
   9.7000000000000011              368         372         368         355         373         381         360         393         384         393   376.59899999999999       0.49646570777849769     
   9.8000000000000007              365         371         367         355         371         379         356         388         379         391   372.87400000000002       0.49425309710714577     
   9.9000000000000004              362         369         363         351         367         378         354         385         376         386   369.16100000000000       0.49450083821972196     
   10.000000000000000              355         360         362         348         362         373         352         380         373         381   365.53899999999999       0.49537307052363033     
   10.100000000000001              354         356         360         346         360         371         346         378         372         379   361.79599999999999       0.49166287636958839     
   10.200000000000001              351         355         358         343         358         368         345         375         367         375   358.13400000000001       0.49071584853149164     
   10.300000000000001              347         351         354         340         355         364         344         370         360         371   354.45299999999997       0.48572604521480717     
   10.400000000000000              341         347         346         339         352         360         342         368         357         366   350.89999999999998       0.48767817256877133     
   10.500000000000000              336         342         342         335         348         354         341         360         353         365   347.31999999999999       0.48831506222930998     
   10.600000000000001              334         335         341         329         345         350         337         355         349         359   343.75700000000001       0.48532458313996862     
   10.700000000000001              330         330         338         326         339         344         332         355         345         356   340.32999999999998       0.48674747046082789     
   10.800000000000001              325         326         338         324         335         340         330         352         345         354   336.84800000000001       0.48653766144050065     
   10.900000000000000              323         322         336         322         330         338         330         345         344         348   333.49200000000002       0.48410735999362114     
   11.000000000000000              318         319         333         320         325         333         328         340         340         344   330.12900000000002       0.48145234343596810     
   11.100000000000001              318         317         330         317         323         330         327         338         338         343   326.85500000000002       0.48268620759245717     
   11.200000000000001              316         314         329         313         317         324         320         335         334         342   323.71300000000002       0.48313003529068427     
   11.300000000000001              312         311         326         307         315         317         317         332         330         340   320.39999999999998       0.48129824433506468     
   11.400000000000000              309         309         324         305         313         312         311         327         329         337   317.21199999999999       0.48240134328172701     
   11.500000000000000              307         306         319         302         310         305         307         326         325         335   314.04599999999999       0.48121293000085791     
   11.600000000000001              307         305         315         300         308         303         300         325         324         332   310.89499999999998       0.47841193024423040     
   11.700000000000001              305         302         313         298         303         302         295         320         322         329   307.77199999999999       0.47850393519803552     
   11.800000000000001              299         298         308         295         300         297         290         319         320         325   304.68200000000002       0.47618995789494017     
   11.900000000000000              292         295         305         294         297         295         289         316         319         322   301.70499999999998       0.47029137244905145     
   12.000000000000000              292         289         301         294         295         292         287         310         315         319   298.81599999999997       0.46871328549553093     
   12.100000000000001              288         287         299         291         291         291         286         307         311         309   295.80200000000002       0.46522553240335685     
   12.200000000000001              287         284         296         285         289         288         283         305         309         308   292.82799999999997       0.46690514668400251     
   12.300000000000001              285         282         294         283         283         288         279         304         307         308   289.98800000000000       0.46705016432928065     
   12.400000000000000              282         282         293         278         280         286         277         303         303         306   287.12299999999999       0.46383819484817673     
   12.500000000000000              280         280         292         275         276         285         273         300         301         301   284.25799999999998       0.46000156086692984     
   12.600000000000001              278         276         289         272         275         281         272         296         296         299   281.37700000000001       0.45975087928136898     
   12.700000000000001              273         275         287         268         274         278         268         295         293         297   278.60300000000001       0.45793164446235324     
   12.800000000000001              269         273         286         265         268         276         266         293         287         293   275.63400000000001       0.45774233363322592     
   12.900000000000000              267         268         284         265         265         268         263         292         284         288   272.98099999999999       0.45496223909242844     
   13.000000000000000              263         267         281         261         263         267         262         292         283         287   270.25099999999998       0.45344018238353601     
   13.100000000000001              263         263         275         260         261         265         259         287         280         282   267.47699999999998       0.45215204411791926     
   13.200000000000001              261         260         273         258         260         264         257         282         278         279   264.81900000000002       0.44943991700782437     
   13.300000000000001              259         257         269         252         258         263         250         278         278         276   262.01499999999999       0.44750505583736422     
   13.400000000000000              257         253         266         248         255         258         248         276         276         271   259.47199999999998       0.44578830850529705     
   13.500000000000000              253         251         266         245         251         254         247         269         276         270   256.82299999999998       0.44485691070277122     
   13.600000000000001              251         249         263         243         247         252         241         267         274         269   254.24400000000000       0.44316189366867287     
   13.700000000000001              249         248         262         241         246         249         241         265         274         265   251.74900000000000       0.44033396303261363     
   13.800000000000001              247         246         257         239         243         244         237         262         274         263   249.19200000000001       0.43947597886573730     
   13.900000000000000              245         243         255         238         242         243         234         262         269         262   246.77000000000001       0.44041696152622734     
   14.000000000000000              242         243         252         236         240         240         231         262         268         261   244.35900000000001       0.43883039890143144     
   14.100000000000001              238         243         252         234         237         235         224         260         262         259   241.98599999999999       0.43742862732107940     
   14.200000000000001              236         240         248         233         233         234         220         260         262         254   239.60800000000000       0.43575031382662432     
   14.300000000000001              233         237         246         230         232         231         219         259         257         252   237.15799999999999       0.43407491980072638     
   14.400000000000000              231         234         244         228         232         226         215         259         253         250   234.71400000000000       0.43241901438304114     
   14.500000000000000              229         231         242         226         231         223         213         257         253         249   232.40199999999999       0.43192637798588784     
   14.600000000000001              226         229         236         226         229         219         212         254         252         247   230.01900000000001       0.43143092031053576     
   14.700000000000001              223         227         234         224         229         216         209         252         250         245   227.72000000000000       0.43018554136558396     
   14.800000000000001              221         223         232         223         227         215         206         250         249         241   225.33500000000001       0.43004043414543502     
   14.900000000000000              218         220         230         219         226         215         201         249         244         241   223.11300000000000       0.42652811278976399     
   15.000000000000000              214         219         225         219         224         214         199         246         241         239   220.84899999999999       0.42540122120183144     
   15.100000000000001              213         216         221         219         221         213         196         243         239         238   218.59000000000000       0.42337442057828878     
   15.200000000000001              211         211         221         215         217         210         193         242         238         235   216.41800000000001       0.42223130627654065     
   15.300000000000001              211         209         217         214         215         207         191         240         236         234   214.29300000000001       0.41854647412204665     
   15.400000000000000              210         206         215         212         213         205         190         240         234         230   212.16100000000000       0.41746027236133343     
   15.500000000000000              209         206         214         209         212         203         187         237         233         228   209.99100000000001       0.41393347170770661     
   15.600000000000001              206         204         214         202         210         203         187         229         230         227   207.88100000000000       0.41077833316766488     
   15.700000000000001              204         203         212         200         209         203         187         229         229         225   205.81800000000001       0.40853993195279359     
   15.800000000000001              202         203         208         198         207         200         183         228         229         223   203.71799999999999       0.40595624887419085     
   15.900000000000000              200         203         205         196         205         200         183         227         225         220   201.69700000000000       0.40316893605534326     
   16.000000000000000              200         201         203         196         204         197         180         227         224         215   199.65700000000001       0.39836585069505503     
   16.100000000000001              198         199         201         195         199         195         180         227         222         213   197.64200000000000       0.39377383864345278     
   16.199999999999999              197         195         199         194         199         192         178         226         222         212   195.68700000000001       0.39451366389517095     
   16.300000000000001              194         191         197         192         196         189         177         225         218         210   193.68299999999999       0.39191390763789358     
   16.400000000000002              193         186         196         192         194         188         176         223         216         208   191.73599999999999       0.39134933754895174     
   16.500000000000000              191         182         192         191         194         188         174         223         215         206   189.78200000000001       0.39104792033712654     
   16.600000000000001              187         179         189         190         191         188         172         221         213         204   187.89500000000001       0.38963056219962633     
   16.699999999999999              187         176         187         186         190         187         171         220         213         204   185.98400000000001       0.38711463935118862     
   16.800000000000001              186         175         185         184         190         185         168         220         209         202   184.14200000000000       0.38637007648108818     
   16.900000000000002              184         173         183         184         189         184         168         219         206         198   182.33199999999999       0.38382258401506797     
   17.000000000000000              183         172         181         182         186         182         167         216         204         197   180.48699999999999       0.38232947963765551     
   17.100000000000001              181         172         179         181         186         181         166         216         200         193   178.65400000000000       0.38061829173070566     
   17.199999999999999              178         168         177         181         184         178         165         216         199         189   176.87500000000000       0.37996759730271690     
   17.300000000000001              173         168         175         180         181         175         162         213         198         187   175.10499999999999       0.37834372599529476     
   17.400000000000002              171         167         174         179         178         175         159         213         196         186   173.35300000000001       0.37763790990841795     
   17.500000000000000              169         167         171         175         177         173         158         212         194         184   171.61900000000000       0.37682866000345577     
   17.600000000000001              167         164         169         173         177         170         156         210         192         183   169.86600000000001       0.37511337486151553     
   17.699999999999999              166         163         169         170         177         166         154         209         190         181   168.13900000000001       0.37419203492323783     
   17.800000000000001              166         160         169         166         175         163         153         207         188         179   166.50800000000001       0.37306023106195013     
   17.900000000000002              164         158         169         164         175         160         151         204         185         177   164.87000000000000       0.36964455900229337     
   18.000000000000000              163         157         166         162         171         159         151         203         179         172   163.18799999999999       0.36819105909840111     
   18.100000000000001              162         156         165         161         171         156         147         202         177         169   161.54400000000001       0.36705321685008480     
   18.199999999999999              157         155         163         160         170         155         146         200         173         167   159.89200000000000       0.36534413366030627     
   18.300000000000001              157         154         163         158         166         155         145         196         171         166   158.33099999999999       0.36544143032776866     
   18.400000000000002              156         153         162         156         163         152         145         196         171         165   156.80500000000001       0.36319825853106630     
   18.500000000000000              155         151         162         155         159         150         144         194         170         162   155.18700000000001       0.35995003958882188     
   18.600000000000001              153         147         160         153         157         146         142         193         170         162   153.66300000000001       0.35859089642654940     
   18.699999999999999              152         146         158         153         157         145         139         190         166         160   152.12700000000001       0.35786152489474898     
   18.800000000000001              152         146         157         152         156         144         134         186         165         159   150.60300000000001       0.35420247175873903     
   18.900000000000002              151         146         157         150         154         142         134         186         161         156   149.13800000000001       0.35352079995383384     
   19.000000000000000              151         146         157         144         153         140         133         182         158         155   147.63100000000000       0.35002405488766042     
   19.100000000000001              149         146         155         143         151         140         131         179         158         152   146.11300000000000       0.34716887965369225     
   19.200000000000003              146         143         152         141         146         138         128         177         155         150   144.62100000000001       0.34587477358142016     
   19.300000000000001              145         141         150         138         146         138         127         177         154         146   143.17800000000000       0.34597155374394256     
   19.400000000000002              145         136         148         138         146         138         125         177         153         145   141.74500000000000       0.34663521892617588     
   19.500000000000000              144         134         148         137         145         138         123         175         152         143   140.31800000000001       0.34541695962995211     
   19.600000000000001              143         134         146         137         143         136         121         173         151         141   138.85499999999999       0.34352288861152186     
   19.700000000000003              142         133         142         135         142         136         119         170         149         139   137.47800000000001       0.34023450148390044     
   19.800000000000001              142         132         140         134         139         136         119         166         147         137   136.13399999999999       0.33990887602415509     
   19.900000000000002              141         128         137         133         138         134         117         165         144         133   134.73699999999999       0.33816243286326231     
   20.000000000000000              140         126         134         133         138         132         116         165         143         131   133.39800000000000       0.33647525317621535     
   20.100000000000001              139         125         133         132         138         132         116         164         142         129   132.04900000000001       0.33427623158100400     
   20.200000000000003              139         125         132         132         134         132         115         162         141         126   130.77900000000000       0.33359580183210180     
   20.300000000000001              138         125         131         131         134         129         115         160         140         124   129.44600000000000       0.33465965397699005     
   20.400000000000002              138         123         128         128         132         129         114         157         139         121   128.12400000000000       0.33491286030847089     
   20.500000000000000              138         122         128         123         132         128         113         155         137         120   126.79000000000001       0.33342750336467414     
   20.600000000000001              135         121         128         122         130         127         112         153         137         119   125.52500000000001       0.33205327132855927     
   20.700000000000003              135         121         124         118         128         125         110         152         136         117   124.28800000000000       0.33042556801797474     
   20.800000000000001              132         121         124         117         126         122         110         151         136         116   123.09500000000000       0.32946619705213992     
   20.900000000000002              129         120         123         117         126         120         107         150         134         113   121.87300000000000       0.32968601881183751     
   21.000000000000000              129         118         123         117         125         120         106         150         131         113   120.65900000000001       0.33013439536043354     
   21.100000000000001              129         117         123         117         124         120         103         150         129         111   119.45000000000000       0.32761181297383007     
   21.200000000000003              129         116         121         115         124         120         100         148         128         110   118.23200000000000       0.32630380935563952     
   21.300000000000001              128         115         120         114         123         119          98         147         128         110   117.03100000000001       0.32520768594853178     
   21.400000000000002              126         115         119         114         121         116          97         145         127         108   115.91700000000000       0.32357087477089114     
   21.500000000000000              126         113         117         113         121         113          96         143         126         108   114.76300000000001       0.32309879448861956     
   21.600000000000001              126         112         117         111         119         112          96         141         126         105   113.62700000000000       0.31922385719115737     
   21.700000000000003              122         112         115         111         117         112          96         140         122         105   112.51000000000001       0.31613272529113373     
   21.800000000000001              122         112         113         110         117         111          95         140         122         104   111.38800000000001       0.31276421790223974     
   21.900000000000002              122         111         113         110         117         111          95         139         121         104   110.25200000000000       0.31238197131076706     
   22.000000000000000              122         111         113         110         117         111          94         139         120         100   109.11300000000000       0.31290290986183117     
   22.100000000000001              122         111         111         109         116         111          94         139         120          99   107.97100000000000       0.31050307405885619     
   22.200000000000003              120         110         110         108         115         109          92         139         119          98   106.88200000000001       0.31049327851017855     
   22.300000000000001              119         109         110         105         114         108          91         137         118          97   105.86499999999999       0.31002705527098828     
   22.400000000000002              118         108         110         105         113         108          91         136         118          96   104.86700000000000       0.30865079134840623     
   22.500000000000000              117         107         109         103         112         107          89         134         118          96   103.80300000000000       0.30650969152704016     
   22.600000000000001              116         104         108         103         112         107          89         132         117          96   102.77000000000000       0.30498377005998289     
   22.700000000000003              115         104         107         102         112         105          88         132         116          96   101.74100000000000       0.30418402160534358     
   22.800000000000001              114         104         106         101         111         105          88         131         115          94   100.72000000000000       0.30316596114999600     
   22.900000000000002              112         104         105         101         111         105          86         130         115          92   99.700000000000003       0.30074906483645253     
   23.000000000000000              111         103         105         100         109         104          86         130         115          92   98.727000000000004       0.29852716961777193     
   23.100000000000001              111         102         105          97         108         103          86         128         113          90   97.713999999999999       0.29583137764611711     
   23.200000000000003              110         102         103          96         105         103          86         125         110          90   96.759000000000000       0.29394033238056955     
   23.300000000000001              109         101         102          96         105         101          85         125         108          90   95.757999999999996       0.29126523307803359     
   23.400000000000002              109          99         101          95         105         100          84         124         107          89   94.834000000000003       0.28901287860578045     
   23.500000000000000              107          99         101          95         104          97          84         122         103          89   93.870999999999995       0.28655952086782888     
   23.600000000000001              107          98         101          95         103          95          83         122         103          87   92.941999999999993       0.28612695783515907     
   23.700000000000003              107          96         101          95         102          93          83         122         102          86   91.986999999999995       0.28327165583588026     
   23.800000000000001              106          96         101          95         102          92          81         121         102          85   91.084999999999994       0.28194285768573824     
   23.900000000000002              104          93         101          94         102          92          80         120         101          85   90.213999999999999       0.28130091361387372     
   24.000000000000000              104          93         100          93         100          88          78         119          99          85   89.363000000000000       0.28014501780327944     
   24.100000000000001              104          91          98          91          99          87          78         116          99          85   88.457999999999998       0.27751799220951495     
   24.200000000000003              103          89          97          90          99          85          78         115          96          83   87.602999999999994       0.27606772900866400     
   24.300000000000001              102          88          95          90          97          84          78         115          95          81   86.688000000000002       0.27695244357109305     
   24.400000000000002              101          88          94          90          97          84          78         114          95          80   85.789000000000001       0.27529707408543197     
   24.500000000000000              101          88          92          89          97          83          78         114          94          80   84.906000000000006       0.27391086871462084     
   24.600000000000001               99          87          92          87          97          81          76         114          94          77   84.040999999999997       0.27337395450188728     
   24.700000000000003               99          86          91          87          96          80          75         112          92          75   83.198999999999998       0.27053539324827697     
   24.800000000000001               98          86          89          87          95          80          74         110          91          75   82.363000000000000       0.26840497573629324     
   24.900000000000002               97          84          86          87          94          80          74         108          90          73   81.534000000000006       0.26827755030937456     
   25.000000000000000               96          84          84          87          94          78          74         107          89          72   80.713999999999999       0.26615447394323410     
   25.100000000000001               96          84          83          87          94          76          73         105          88          70   79.875000000000000       0.26539286915815885     
   25.200000000000003               95          83          81          85          94          75          73         104          86          70   79.103999999999999       0.26447151831530019     
   25.300000000000001               95          83          80          81          94          75          73         102          85          70   78.290000000000006       0.26273161210634544     
   25.400000000000002               94          81          80          79          92          75          72         101          85          70   77.516000000000005       0.26281503762151615     
   25.500000000000000               94          79          79          78          91          73          71          98          85          70   76.751999999999995       0.26130154228400720     
   25.600000000000001               94          78          79          77          89          72          70          97          85          69   76.033000000000001       0.26126214995670483     
   25.700000000000003               93          78          78          75          86          72          67          95          85          69   75.254000000000005       0.26055610528252710     
   25.800000000000001               93          78          78          75          86          71          67          93          84          69   74.530000000000001       0.25989055388759302     
   25.900000000000002               93          77          77          75          85          69          67          92          83          67   73.765000000000001       0.25803056989434264     
   26.000000000000000               93          76          76          74          82          68          67          91          81          66   73.000000000000000       0.25666320343983906     
   26.100000000000001               93          76          76          73          79          68          66          90          81          66   72.236999999999995       0.25444219579307398     
   26.200000000000003               92          74          75          72          78          67          64          89          80          66   71.512000000000000       0.25209890122727718     
   26.300000000000001               92          74          74          72          78          67          64          89          79          66   70.795000000000002       0.25054535517546489     
   26.400000000000002               91          74          74          71          74          66          64          88          79          65   70.031000000000006       0.24896995601879243     
   26.500000000000000               91          74          74          71          74          66          63          87          79          64   69.353999999999999       0.24862558999427403     
   26.600000000000001               90          72          74          71          73          66          63          85          78          63   68.655000000000001       0.24910233840732890     
   26.700000000000003               90          71          74          71          72          66          62          82          77          62   67.981999999999999       0.24915392029827643     
   26.800000000000001               90          70          74          71          72          65          61          82          76          62   67.308000000000007       0.24970609924469150     
   26.900000000000002               90          69          73          70          72          64          60          80          74          61   66.638999999999996       0.24926026358005776     
   27.000000000000000               90          68          72          69          72          62          60          80          73          58   65.998999999999995       0.24785681148598795     
   27.100000000000001               89          66          72          69          71          61          59          79          71          55   65.325999999999993       0.24653949784973869     
   27.200000000000003               88          65          71          69          71          61          59          77          71          55   64.683999999999997       0.24475731654028340     
   27.300000000000001               88          64          70          67          71          61          57          77          70          55   63.999000000000002       0.24328789324584058     
   27.400000000000002               88          62          70          67          70          60          56          77          69          55   63.384000000000000       0.24258718844984364     
   27.500000000000000               86          60          69          65          68          59          54          77          69          54   62.758000000000003       0.24188310399860480     
   27.600000000000001               84          58          69          65          68          59          54          75          68          51   62.119000000000000       0.24200586563139348     
   27.700000000000003               83          58          69          65          68          59          54          74          68          51   61.537999999999997       0.24111108643113122     
   27.800000000000001               82          57          69          64          67          59          54          74          68          51   60.917000000000002       0.23955398347762830     
   27.900000000000002               82          55          69          63          66          58          53          74          68          51   60.310000000000002       0.23861663814579120     
   28.000000000000000               80          55          69          61          66          56          53          74          67          48   59.750999999999998       0.23822048400588974     
   28.100000000000001               77          55          68          61          65          56          53          74          65          48   59.167999999999999       0.23620706170646219     
   28.200000000000003               77          54          67          60          64          56          52          73          65          47   58.552999999999997       0.23409227026965354     
   28.300000000000001               77          54          67          59          64          56          52          73          63          47   57.982999999999997       0.23233318962214633     
   28.400000000000002               74          54          67          59          63          55          51          73          63          46   57.444000000000003       0.23150564571949361     
   28.500000000000000               74          53          67          58          62          55          50          70          61          46   56.884000000000000       0.22967921978272204     
   28.600000000000001               74          53          66          58          60          55          50          69          61          46   56.317999999999998       0.22975829908841178     
   28.700000000000003               74          53          65          56          59          55          50          67          61          46   55.729999999999997       0.22934057643600797     
   28.800000000000001               72          53          64          55          59          54          50          66          61          45   55.176000000000002       0.22924010120395574     
   28.900000000000002               72          52          63          55          59          54          49          66          61          44   54.633000000000003       0.22950013289756471     
   29.000000000000000               72          52          63          54          58          52          49          66          61          44   54.095999999999997       0.22932244547797864     
   29.100000000000001               72          50          63          54          57          52          49          65          61          44   53.570999999999998       0.22933154820041773     
   29.200000000000003               72          50          60          53          56          52          48          65          60          43   53.011000000000003       0.22907395967241645     
   29.300000000000001               72          50          60          53          56          51          48          65          60          43   52.488999999999997       0.22803920496265631     
   29.400000000000002               72          50          60          52          55          49          48          65          59          42   51.970999999999997       0.22729311252213613     
   29.500000000000000               72          50          60          52          54          49          47          63          59          42   51.468000000000004       0.22672224416673337     
   29.600000000000001               70          50          60          50          54          47          46          63          57          42   50.911999999999999       0.22513164149004025     
   29.700000000000003               69          50          60          49          53          46          46          61          57          42   50.393000000000001       0.22327684832960065     
   29.800000000000001               68          49          60          49          53          46          46          60          56          41   49.926000000000002       0.22249612131450730     
   29.900000000000002               67          49          58          49          53          46          45          59          55          41   49.472999999999999       0.21965261437096470     
   30.000000000000000               67          48          58          48          53          45          45          59          55          40   48.994999999999997       0.21782785634532661     
