           3  0.42011292775472003     
           3  0.27860498428344727     
           3  0.67288017272949219     
           3  0.39322543144226074     
           3  0.53265380859375000     
           3  0.25300184885660809     
           3  0.48174722989400226     
           3  0.55326843261718750     
           3  0.51084772745768225     
           3  0.46219134330749512     
           3   8.9605967203776046E-002
           3  0.89826202392578125     
           3  0.65454332033793128     
           3  0.32898966471354169     
           3  0.45215392112731934     
           3  0.24638811747233072     
           3  0.32529266675313312     
           3  0.53244908650716150     
           3  0.50538706779479980     
           3  0.47733521461486816     
           3  0.62321782112121582     
           3  0.52845756212870276     
           3  0.59831635157267249     
           3   8.7042967478434249E-002
           3  0.42238608996073407     
           3  0.37713662783304852     
           3  0.70017210642496741     
           3  0.61563714345296228     
           3  0.60954403877258301     
           3  0.58818912506103516     
           3  0.80078061421712243     
           3  0.63849703470865882     
           3  0.32072146733601886     
           3  0.55528990427652991     
           3  0.33630728721618652     
           3  0.36626664797465008     
           3  0.50273664792378747     
           3  0.37726227442423504     
           3  0.43985652923583984     
           3  0.47710895538330078     
           3  0.49342640240987140     
           3  0.44718130429585773     
           3  0.35518940289815265     
           3  0.32557757695515949     
           3  0.37827690442403156     
           3  0.48999118804931641     
           3  0.65352567036946618     
           3  0.23589118321736655     
           3  0.47448174158732098     
           3  0.61088816324869788     
           3  0.38285724322001141     
           3  0.40919756889343262     
           3  0.26106556256612140     
           3  0.38285168011983234     
           3  0.35982219378153485     
           3  0.91602047284444177     
           3  0.51250338554382324     
           3  0.62695431709289551     
           3  0.65243927637735999     
           3  0.56331070264180505     
           3  0.88409781455993652     
           3  0.17996358871459961     
           3  0.40762440363566083     
           3  0.39975905418395996     
           3  0.43318247795104980     
           3  0.64891568819681800     
           3  0.67545390129089355     
           3  0.34607195854187012     
           3  0.49216246604919434     
           3  0.44655895233154297     
           3  0.50649420420328772     
           3  0.40515240033467609     
           3  0.48560365041097003     
           3  0.35488621393839520     
           3  0.72047813733418786     
           3  0.40806531906127930     
           3  0.41566491127014160     
           3  0.69093434015909827     
           3  0.50672006607055664     
           3  0.53648074467976892     
           3  0.37599364916483563     
           3  0.69991024335225427     
           3  0.63159823417663574     
           3  0.31620828310648602     
           3  0.47810427347819012     
           3  0.59758559862772620     
           3  0.50843310356140137     
           3  0.73658768335978186     
           3  0.50400400161743164     
           3  0.56803162892659509     
           3  0.72048298517862952     
           3  0.43586246172587079     
           3  0.76467164357503259     
           3  0.49082072575887042     
           3  0.20092757542928061     
           3  0.62721268335978186     
           3  0.48743263880411786     
           3  0.63971551259358728     
           3  0.43172756830851239     
           3  0.42359034220377606     
           9  0.37791842884487575     
           9  0.46529303656684029     
           9  0.25573078791300458     
           9  0.61429786682128906     
           9  0.47636381785074872     
           9  0.57448885175916886     
           9  0.55740382936265731     
           9  0.39268581072489422     
           9  0.60383780797322595     
           9  0.55022443665398491     
           9  0.57832630475362146     
           9  0.48356888029310441     
           9  0.51332129372490776     
           9  0.43372909228007001     
           9  0.40771182378133136     
           9  0.44175627496507430     
           9  0.55624678399827743     
           9  0.58935422367519807     
           9  0.65282689200507271     
           9  0.46142384741041398     
           9  0.40098831388685441     
           9  0.54724706543816459     
           9  0.60479103194342720     
           9  0.46543033917744953     
           9  0.60853987269931364     
           9  0.48779839939541286     
           9  0.52500391006469727     
           9  0.57932247055901420     
           9  0.38832259178161621     
           9  0.37933879428439671     
           9  0.42327396074930829     
           9  0.57662630081176758     
           9  0.42691522174411350     
           9  0.64013629489474821     
           9  0.59209571944342720     
           9  0.49387184778849286     
           9  0.61982448895772302     
           9  0.58500727017720544     
           9  0.41611364152696395     
           9  0.62892331017388237     
           9  0.53890922334459090     
           9  0.40699783960978192     
           9  0.52926386727227104     
           9  0.53249536620246041     
           9  0.30390720897250706     
           9  0.45141114128960502     
           9  0.34054059452480739     
           9  0.40326187345716691     
           9  0.51771982510884607     
           9  0.48036768701341415     
           9  0.31155067019992405     
           9  0.44858778847588432     
           9  0.49431037902832031     
           9  0.63865052329169381     
           9  0.51105237007141113     
           9  0.46986291143629288     
           9  0.40271631876627606     
           9  0.58778005176120329     
           9  0.46502704090542263     
           9  0.61360881063673234     
           9  0.44360796610514325     
           9  0.31200697686937118     
           9  0.53237732251485193     
           9  0.22659455405341256     
           9  0.27033530341254342     
           9  0.52503085136413574     
           9  0.33783719274732804     
           9  0.29960160785251194     
           9  0.27289976014031303     
           9  0.54209603203667533     
           9  0.46168451839023167     
           9  0.47229239675733781     
           9  0.42435754670037162     
           9  0.40758058759901261     
           9  0.58574247360229492     
           9  0.47099137306213379     
           9  0.57603412204318571     
           9  0.40757460064358181     
           9  0.31178612179226345     
           9  0.33640032344394261     
           9  0.50009650654262972     
           9  0.59111629592047799     
           9  0.57246605555216468     
           9  0.25973420672946507     
           9  0.43294774161444771     
           9  0.50752356317308212     
           9  0.50790683428446448     
           9  0.46900057792663574     
           9  0.25613771544562447     
           9  0.44084681404961479     
           9  0.49387145042419434     
           9  0.67961764335632324     
           9  0.43586717711554634     
           9  0.51215810245937776     
           9  0.66493977440728080     
           9  0.45368327034844291     
           9  0.59530059496561682     
           9  0.57116089926825631     
           9  0.57717294163174104     
           9  0.61739926868014861     
          27  0.44688769623085306     
          27  0.50752094939902981     
          27  0.52106149108321576     
          27  0.40671743286980522     
          27  0.47899367191173414     
          27  0.59407565328809953     
          27  0.56288836620472094     
          27  0.53819608688354492     
          27  0.51691993960627802     
          27  0.44928355570192691     
          27  0.51364271729080768     
          27  0.51977814568413627     
          27  0.61676073074340820     
          27  0.50917493855511697     
          27  0.46535903436166270     
          27  0.52895819699322733     
          27  0.49231140701859083     
          27  0.49961065363000939     
          27  0.48233942632321958     
          27  0.57474167258651165     
          27  0.59973360874034742     
          27  0.47205146153767902     
          27  0.51333231396145296     
          27  0.42959366904364693     
          27  0.56099438667297363     
          27  0.48239470411230018     
          27  0.40012221866183811     
          27  0.46536278724670410     
          27  0.57097926846256963     
          27  0.62305883125022610     
          27  0.61324187561317722     
          27  0.42316361709877298     
          27  0.49955172891970034     
          27  0.57368982279742209     
          27  0.55324126172948762     
          27  0.56113282839457190     
          27  0.44333167429323550     
          27  0.46253493097093368     
          27  0.48832120718779387     
          27  0.47852102032414190     
          27  0.39493524586712875     
          27  0.52347663596824368     
          27  0.45559287954259803     
          27  0.54017675364459006     
          27  0.41342804167005753     
          27  0.51244335704379607     
          27  0.53456889258490670     
          27  0.45269620860064469     
          27  0.50386347594084568     
          27  0.48346534481755010     
          27  0.60955016701309772     
          27  0.49552406205071342     
          27  0.46226621557165076     
          27  0.50090430400989672     
          27  0.48001175456576878     
          27  0.56367081182974355     
          27  0.37261019812689888     
          27  0.43918141612300166     
          27  0.53793629893550166     
          27  0.55398737059699166     
          27  0.51152529539885350     
          27  0.55915255899782534     
          27  0.63104769918653703     
          27  0.51220429385149924     
          27  0.51941604084438753     
          27  0.45808304680718315     
          27  0.46706692377726239     
          27  0.49224794352496110     
          27  0.52505343048660846     
          27  0.44841195035863807     
          27  0.49053209799307362     
          27  0.48224069454051832     
          27  0.45127683215671116     
          27  0.35509158946849684     
          27  0.50696406541047268     
          27  0.52589025320830174     
          27  0.52011144602740256     
          27  0.49782359158551254     
          27  0.42560068766276044     
          27  0.51590882407294381     
          27  0.40738746854994035     
          27  0.58620808742664476     
          27  0.45006616910298664     
          27  0.45252669299090348     
          27  0.53654981542516633     
          27  0.48293901372838904     
          27  0.45800535767166700     
          27  0.52258332570393884     
          27  0.52091482833579739     
          27  0.38323190477159286     
          27  0.52792371643914116     
          27  0.47393382920159233     
          27  0.57909772131178117     
          27  0.50919546904387303     
          27  0.59679242416664402     
          27  0.50886983341640901     
          27  0.40974557841265641     
          27  0.60314775396276399     
          27  0.48746740376507797     
          27  0.48359229829576278     
          81  0.48514284027947319     
          81  0.46750014799612538     
          81  0.49557454792069799     
          81  0.43320100395767774     
          81  0.48879958082128455     
          81  0.47578923201855317     
          81  0.55081127896720983     
          81  0.51583518805327244     
          81  0.55503297735143586     
          81  0.42854498639518834     
          81  0.49554959344275201     
          81  0.50317634770899644     
          81  0.49032636041994448     
          81  0.46604732819545414     
          81  0.51318010283105164     
          81  0.50509137871824661     
          81  0.53583977840564867     
          81  0.49897500320717142     
          81  0.53721006416980133     
          81  0.50253413341663500     
          81  0.47684128196151171     
          81  0.48153422791280864     
          81  0.48704583262219842     
          81  0.49645988146464032     
          81  0.47412639194064671     
          81  0.54263022799550753     
          81  0.50620982382032609     
          81  0.47014864874474799     
          81  0.49202396840225032     
          81  0.45326244978257169     
          81  0.51944674385918510     
          81  0.49048906491126543     
          81  0.44160193867153591     
          81  0.52757795357409820     
          81  0.53216545081432953     
          81  0.47932771400169089     
          81  0.53816201951768661     
          81  0.47706858611401215     
          81  0.45006598366631401     
          81  0.46815217277150095     
          81  0.50098540459150154     
          81  0.50680729783611533     
          81  0.54728368476585110     
          81  0.51875436453171719     
          81  0.52238240654085888     
          81  0.48013063124668454     
          81  0.53798004138616873     
          81  0.50164149425647875     
          81  0.48743594134295426     
          81  0.46755410418098353     
          81  0.47810887701717425     
          81  0.52259159382478693     
          81  0.55038245224658355     
          81  0.45651571250256195     
          81  0.57195088009775419     
          81  0.46286635634339884     
          81  0.46701010656945502     
          81  0.47628136328708981     
          81  0.46581371625264484     
          81  0.46737082799275714     
          81  0.47057731357621557     
          81  0.49749440322687599     
          81  0.48484961191813153     
          81  0.47370099727018378     
          81  0.53084920070789476     
          81  0.50855110604086040     
          81  0.50387604148299603     
          81  0.49730663535035685     
          81  0.51877551902959373     
          81  0.52324825746041759     
          81  0.51876788080474479     
          81  0.52125416861640084     
          81  0.50482508871290421     
          81  0.44559864644651059     
          81  0.49690443792460876     
          81  0.45389432965973275     
          81  0.50484658170629426     
          81  0.51800003463839306     
          81  0.51746157657952951     
          81  0.49657949989224659     
          81  0.51879109571009507     
          81  0.47590585402500485     
          81  0.43528067918471347     
          81  0.51610516324455358     
          81  0.52302008793677812     
          81  0.49990606307983398     
          81  0.47005325187871483     
          81  0.51537397761403780     
          81  0.48094454518070928     
          81  0.52629476417729881     
          81  0.48058404451535069     
          81  0.43776461813184953     
          81  0.50506922933790421     
          81  0.51520712876025543     
          81  0.52261770507435745     
          81  0.48101554682225356     
          81  0.59716286188290446     
          81  0.51871065151544260     
          81  0.50680326826778455     
          81  0.49464417681281947     
         243  0.45218618318377207     
         243  0.46048846558778866     
         243  0.50292790770040130     
         243  0.48805124377026970     
         243  0.51338660766067823     
         243  0.46645325299643686     
         243  0.49264131063296474     
         243  0.45110592430020557     
         243  0.50923748271455493     
         243  0.51046953476014945     
         243  0.51096612239570771     
         243  0.47814761954570506     
         243  0.50496190173145183     
         243  0.51169353453710742     
         243  0.50173229543269904     
         243  0.48305909329481084     
         243  0.52931564531208553     
         243  0.50299421455634474     
         243  0.50535031012546872     
         243  0.45955747635766803     
         243  0.50593978191108857     
         243  0.50527467158596207     
         243  0.47228926395683130     
         243  0.48322946446422688     
         243  0.47543075840169019     
         243  0.49754154240643539     
         243  0.51606221356019066     
         243  0.50420332347414620     
         243  0.52126090909227918     
         243  0.50750355367307309     
         243  0.54100861470885730     
         243  0.50614104349426770     
         243  0.47520031261836548     
         243  0.47287209926809304     
         243  0.50054176550343199     
         243  0.48456593599829656     
         243  0.51414024878921827     
         243  0.53817873432803054     
         243  0.50154629852546095     
         243  0.49594818319312828     
         243  0.48768584129741654     
         243  0.53482134646348989     
         243  0.47858619788056050     
         243  0.49316670767073767     
         243  0.48834311520611801     
         243  0.49532565756589786     
         243  0.50207185352780692     
         243  0.53904667508945547     
         243  0.47696987885997127     
         243  0.48661421061543281     
         243  0.51345468450475618     
         243  0.49285032915970917     
         243  0.49713636131443606     
         243  0.47645518024271899     
         243  0.51788744023797939     
         243  0.49587240925541631     
         243  0.50617712907830381     
         243  0.50785070878488048     
         243  0.51918879065493984     
         243  0.51574028077930090     
         243  0.49654525984461906     
         243  0.51934919828250081     
         243  0.51482856420823087     
         243  0.50002127714117861     
         243  0.49108546359058269     
         243  0.49127537429087448     
         243  0.51464771243279850     
         243  0.46630283147709850     
         243  0.50985948048501351     
         243  0.49606302343768838     
         243  0.48329176922393924     
         243  0.48253823405921215     
         243  0.52134662204318571     
         243  0.51192915881121603     
         243  0.48062253685154543     
         243  0.49423583152362838     
         243  0.52331875773614323     
         243  0.51674483636769741     
         243  0.48729832869007755     
         243  0.46898318906870401     
         243  0.48743943422419544     
         243  0.49551934666103786     
         243  0.52712729045883622     
         243  0.50779911814403145     
         243  0.49644482675403234     
         243  0.47249192465479972     
         243  0.50698261005888257     
         243  0.47576723864049086     
         243  0.49803689183521666     
         243  0.51207028200596938     
         243  0.49761420905344772     
         243  0.46296727902604717     
         243  0.50607948833041716     
         243  0.53505093864943265     
         243  0.49847178498413336     
         243  0.51243485933468669     
         243  0.49984177444206834     
         243  0.48396236317638508     
         243  0.46606984746799546     
         243  0.51148642041555648     
         729  0.49778261662183637     
         729  0.48830963587401172     
         729  0.48571375825931667     
         729  0.51656872745404026     
         729  0.50548583947745529     
         729  0.50059955175684967     
         729  0.49819177789779684     
         729  0.51199490706779993     
         729  0.48547348302414717     
         729  0.50341451086298106     
         729  0.51809123743054630     
         729  0.46968880209903169     
         729  0.50952165542152517     
         729  0.49416288197939939     
         729  0.49629333382280766     
         729  0.48605557691576712     
         729  0.50133559798671057     
         729  0.48296713600106361     
         729  0.51829388929819697     
         729  0.50948977437693066     
         729  0.49368117637267983     
         729  0.50162131403699328     
         729  0.48471035093927578     
         729  0.49223589177648391     
         729  0.50896201114105100     
         729  0.48993387307322728     
         729  0.48737022252076284     
         729  0.50078979441167881     
         729  0.51312183548884138     
         729  0.48369902315126689     
         729  0.48952957043431916     
         729  0.48271818677747852     
         729  0.49762952703834396     
         729  0.50150180909532249     
         729  0.49837383582922329     
         729  0.47636980774961873     
         729  0.48421357852114244     
         729  0.50082587280064128     
         729  0.48807909590063109     
         729  0.50378439455856516     
         729  0.49651891867973841     
         729  0.51959845787540226     
         729  0.50829317671117791     
         729  0.50540600980750816     
         729  0.48358828900445799     
         729  0.48544777306346082     
         729  0.49928234863019610     
         729  0.48993977663121269     
         729  0.48585965963711625     
         729  0.50434867344765999     
         729  0.49294011027070556     
         729  0.51316162228420770     
         729  0.47774599674470797     
         729  0.50826782813942151     
         729  0.48506163209881148     
         729  0.49411686457724235     
         729  0.49425264771910199     
         729  0.49179855851643045     
         729  0.51131406405989199     
         729  0.50750057851009078     
         729  0.50237369733582804     
         729  0.49641477096882047     
         729  0.51261255803258654     
         729  0.49542016191574118     
         729  0.49471881621822572     
         729  0.50678980857420031     
         729  0.50332956745791335     
         729  0.48510261294936613     
         729  0.49174338701821158     
         729  0.50299543935412083     
         729  0.51063470912404840     
         729  0.48823674977725096     
         729  0.52328968604078674     
         729  0.48819160723064825     
         729  0.50776710693401239     
         729  0.50737249475120683     
         729  0.51226418466397927     
         729  0.52439513062580456     
         729  0.49044642853965814     
         729  0.51612582978561250     
         729  0.49301930939055599     
         729  0.50025134583723074     
         729  0.47343571751860108     
         729  0.51303788762033720     
         729  0.52617131469998668     
         729  0.51275338165063422     
         729  0.49627588347970047     
         729  0.48831207434990442     
         729  0.49591781932794182     
         729  0.48551214967735512     
         729  0.50124767483997734     
         729  0.49034676205147115     
         729  0.51537223967668611     
         729  0.48946567817970560     
         729  0.50025796236161180     
         729  0.51106702512837898     
         729  0.49246309225451307     
         729  0.50356090346808624     
         729  0.48664300366520719     
         729  0.47956678111857348     
        2187  0.49861110090718841     
        2187  0.49782347155860096     
        2187  0.50787652525446103     
        2187  0.51517681406140603     
        2187  0.50144412738850630     
        2187  0.50240628927550912     
        2187  0.49510546628884872     
        2187  0.50901511143918554     
        2187  0.50570183820685244     
        2187  0.49817454951181223     
        2187  0.49773932680671595     
        2187  0.49846291847298774     
        2187  0.50322002235154450     
        2187  0.49561263286309748     
        2187  0.50651886335616247     
        2187  0.49724543612462285     
        2187  0.49628739123699817     
        2187  0.49303437522082333     
        2187  0.50106674631709203     
        2187  0.50063548101155686     
        2187  0.50759279111993871     
        2187  0.50501523074571764     
        2187  0.50296648408813893     
        2187  0.49499776410249796     
        2187  0.49855689834556355     
        2187  0.49618183013015976     
        2187  0.49652198170983308     
        2187  0.49985341465413219     
        2187  0.49640657992247417     
        2187  0.50720866989969504     
        2187  0.48791792177968663     
        2187  0.50276241391883569     
        2187  0.50006005869753345     
        2187  0.49138158306336371     
        2187  0.49985197923692548     
        2187  0.50216470987872008     
        2187  0.50127621017529311     
        2187  0.50444993680614725     
        2187  0.50434110433912516     
        2187  0.50228765286644894     
        2187  0.49512839382731538     
        2187  0.51075429026809083     
        2187  0.49547380347964859     
        2187  0.49374771903081194     
        2187  0.50373310741900745     
        2187  0.51146021246855589     
        2187  0.50226835873119358     
        2187  0.49888043126724169     
        2187  0.50102296603777985     
        2187  0.50593565401008367     
        2187  0.48975188087861071     
        2187  0.51200653354381387     
        2187  0.49739057122707148     
        2187  0.49800276974319158     
        2187  0.48852030795951601     
        2187  0.49690540206448697     
        2187  0.48888320087786946     
        2187  0.50374276386203420     
        2187  0.50269014747054486     
        2187  0.50717981656392419     
        2187  0.49750529907585878     
        2187  0.49552456265341815     
        2187  0.50533113645318983     
        2187  0.50946660340513661     
        2187  0.50913303433676860     
        2187  0.49329437956615951     
        2187  0.51045904259840869     
        2187  0.49949454912378410     
        2187  0.50106183011945005     
        2187  0.49204743622534342     
        2187  0.49764945150566364     
        2187  0.50080139112625155     
        2187  0.49707630392509777     
        2187  0.50520506807806065     
        2187  0.50966309367329443     
        2187  0.50062650744643555     
        2187  0.49621892171632115     
        2187  0.50595042658658895     
        2187  0.49557176310012041     
        2187  0.50458796982575504     
        2187  0.49971434194637204     
        2187  0.49886791772585126     
        2187  0.49373427318229379     
        2187  0.50132181996562242     
        2187  0.50582431874757061     
        2187  0.49515444762531241     
        2187  0.50796688131725731     
        2187  0.48847846370011527     
        2187  0.50145144837601408     
        2187  0.51599109134665355     
        2187  0.49955568043238285     
        2187  0.50175896157507593     
        2187  0.50392046997304041     
        2187  0.49656171835771584     
        2187  0.49632869172325189     
        2187  0.49940457069334182     
        2187  0.50617797340930304     
        2187  0.49181882758417467     
        2187  0.49358260506192569     
        2187  0.50228934131041481     
        6561  0.49858952629695197     
        6561  0.49039593634672995     
        6561  0.49707718655714589     
        6561  0.49372925876099388     
        6561  0.49880066515377902     
        6561  0.49628454365938868     
        6561  0.49521097535858827     
        6561  0.50255303498430781     
        6561  0.50130368089406996     
        6561  0.49727928400439397     
        6561  0.50193347717963088     
        6561  0.50176654888932759     
        6561  0.50384667885955781     
        6561  0.49297188262608044     
        6561  0.50874680637713710     
        6561  0.49724478602427530     
        6561  0.49655283018867158     
        6561  0.50714879355003983     
        6561  0.49371067054241535     
        6561  0.50391409495603279     
        6561  0.49951670242871221     
        6561  0.49621908625820899     
        6561  0.49860593586174423     
        6561  0.50028988174359401     
        6561  0.50109545295330427     
        6561  0.50093698930384234     
        6561  0.49863984479062567     
        6561  0.50583490128379793     
        6561  0.49758713922382874     
        6561  0.50226912958522774     
        6561  0.50044618559908416     
        6561  0.50041438224675039     
        6561  0.49517329817337152     
        6561  0.50313612459418500     
        6561  0.50369650873173444     
        6561  0.50429284556248877     
        6561  0.49868072011343245     
        6561  0.49133430637795100     
        6561  0.49622432637952335     
        6561  0.49972525040490329     
        6561  0.49987971606441362     
        6561  0.50476117022170874     
        6561  0.49981195511314275     
        6561  0.49862545340767250     
        6561  0.50204490855815409     
        6561  0.49347473164735600     
        6561  0.50283680098791927     
        6561  0.49765142582662403     
        6561  0.49602040919638357     
        6561  0.50067000097662295     
        6561  0.50335553495136454     
        6561  0.49747045002701695     
        6561  0.49978392150703316     
        6561  0.49823111816252758     
        6561  0.49942163090356295     
        6561  0.50702714076984801     
        6561  0.50033430605468143     
        6561  0.49497827130326266     
        6561  0.49660367584868076     
        6561  0.49259424293173865     
        6561  0.49880249666342774     
        6561  0.49373087754356410     
        6561  0.50094591068650973     
        6561  0.50597307202729158     
        6561  0.49844843141008960     
        6561  0.49777673955480423     
        6561  0.50257015606194544     
        6561  0.50168535088351762     
        6561  0.50016585985819495     
        6561  0.50014398487180023     
        6561  0.49871902850284355     
        6561  0.50247483706986684     
        6561  0.50301771642885240     
        6561  0.49761765309540062     
        6561  0.49881090130898270     
        6561  0.49712906187581063     
        6561  0.50413853056346147     
        6561  0.50336610291575068     
        6561  0.50109932670104873     
        6561  0.50180939340933017     
        6561  0.50296485796514001     
        6561  0.49454612645447354     
        6561  0.49918061028782723     
        6561  0.50494316434227937     
        6561  0.49966409543977425     
        6561  0.49669308590463812     
        6561  0.50154568054857385     
        6561  0.50499952146509508     
        6561  0.49879820941697711     
        6561  0.50217694822671011     
        6561  0.50405057580201040     
        6561  0.49937873721722331     
        6561  0.50054598076280665     
        6561  0.50068049717196561     
        6561  0.49786679266139039     
        6561  0.50146632880594755     
        6561  0.50288326441196929     
        6561  0.49956494401711693     
        6561  0.49752703437607493     
        6561  0.50064839591450894     
       19683  0.50483555216702758     
       19683  0.49810495239953190     
       19683  0.49958041530311248     
       19683  0.49887443132676201     
       19683  0.49925105213083304     
       19683  0.49905545216220087     
       19683  0.50165704994529192     
       19683  0.50040637693989964     
       19683  0.50134838632177492     
       19683  0.49983350540063842     
       19683  0.50164060826915213     
       19683  0.50090184345215316     
       19683  0.49845271131611146     
       19683  0.50025949732278452     
       19683  0.50061452571062859     
       19683  0.50007242014911646     
       19683  0.49857610807800140     
       19683  0.50095450692210008     
       19683  0.49911874228362502     
       19683  0.49788296371070023     
       19683  0.49971616292989440     
       19683  0.50258200092177097     
       19683  0.50168878148013074     
       19683  0.50357360362110237     
       19683  0.50248606361364356     
       19683  0.50142185581303989     
       19683  0.49831275746619225     
       19683  0.50196503079991961     
       19683  0.50059113020166013     
       19683  0.49780448788956511     
       19683  0.49617865074336792     
       19683  0.49942981165392830     
       19683  0.50147813353567339     
       19683  0.50103444105385830     
       19683  0.50019706471121506     
       19683  0.50216177413117524     
       19683  0.50177043977685198     
       19683  0.50057534463387565     
       19683  0.50098466905873829     
       19683  0.49803745256644988     
       19683  0.50177362101692036     
       19683  0.50028211595759808     
       19683  0.49671892211827623     
       19683  0.49747974340953111     
       19683  0.49965022870366943     
       19683  0.50448844216372957     
       19683  0.50342483317737552     
       19683  0.50047360023504739     
       19683  0.49951981312314203     
       19683  0.50317102729114394     
       19683  0.49568533030114920     
       19683  0.49991252758708515     
       19683  0.49961771696362317     
       19683  0.50118834416519753     
       19683  0.50049353313295841     
       19683  0.50192035130597357     
       19683  0.49706068163945749     
       19683  0.50259274901737139     
       19683  0.49696189100008420     
       19683  0.50242822332449555     
       19683  0.50081977509679465     
       19683  0.49718140177335984     
       19683  0.49675690915195375     
       19683  0.49799792582333552     
       19683  0.50051514325827251     
       19683  0.49693276811553316     
       19683  0.50063014502860370     
       19683  0.49881301104026143     
       19683  0.50165986711947541     
       19683  0.50374692364424123     
       19683  0.50085441879532544     
       19683  0.49705970094121943     
       19683  0.49999512235777821     
       19683  0.50058174038820014     
       19683  0.50069372611444840     
       19683  0.50179880023796020     
       19683  0.50118685686835995     
       19683  0.49967098177941977     
       19683  0.50231514651498099     
       19683  0.50571182395168746     
       19683  0.49906410011995411     
       19683  0.49856297641436886     
       19683  0.49859611264805248     
       19683  0.49815703455839666     
       19683  0.49945841543934777     
       19683  0.50033357554877944     
       19683  0.50262218796431046     
       19683  0.49850479855028912     
       19683  0.49832048234686172     
       19683  0.49987320386860140     
       19683  0.49577411021884910     
       19683  0.50152999153286437     
       19683  0.50255943331868402     
       19683  0.50401701961343492     
       19683  0.49802003225126823     
       19683  0.49745175574772221     
       19683  0.50025766691541140     
       19683  0.49875362641454163     
       19683  0.50161934646292861     
       19683  0.50027427786959022     
