           3  0.30906007684316111     
           3   7.4251757972033886E-002
           3  0.21437660878596743     
           3  0.30480058949895827     
           3  0.27347472901184861     
           3   5.5275567561758422E-002
           3  0.28977544091365037     
           3  0.33868230778190744     
           3  0.29930357041895839     
           3   9.1282493032067459E-003
           3  0.10182445853581512     
           3   8.5647404973085858E-002
           3   8.3913492509691753E-002
           3   4.5594328672932533E-002
           3  0.13358593119666604     
           3  0.20413702566497138     
           3  0.10660561478425747     
           3  0.37644356525406641     
           3  0.37258863492317912     
           3  0.21535123528208885     
           3  0.33165204964196510     
           3  0.15539013477217864     
           3  0.29716582099059591     
           3   4.3201623772374999E-002
           3  0.16118545178620278     
           3  0.19356071531275462     
           3  0.26368237063859568     
           3  0.26769194896644133     
           3  0.22078290285544958     
           3  0.28158745476218894     
           3   5.0380532831362235E-002
           3  0.13356058671914203     
           3   1.6149205457849824E-002
           3   8.4471714586410521E-002
           3  0.19379832268139899     
           3  0.28274735194043166     
           3  0.33344103078333037     
           3   6.0336413939299859E-002
           3  0.19756740266783177     
           3  0.37466833984287840     
           3  0.28533665559017063     
           3  0.28104659100032503     
           3  0.21440904551544684     
           3   5.4801805630185427E-002
           3  0.17434511486245297     
           3  0.35476669952094109     
           3  0.11054011740826755     
           3   9.4775715868013741E-002
           3  0.34493543339096822     
           3   8.6329331259502665E-002
           3   8.0895380770105746E-002
           3   1.6134527235020398E-002
           3  0.10851733529196075     
           3  0.29409959480785525     
           3  0.14087843215366960     
           3   3.8682154001749583E-002
           3  0.22915590460246538     
           3  0.30481155602848675     
           3  0.26200630035268041     
           3  0.32386305115340497     
           3  0.14456197940650611     
           3  0.13870666334295473     
           3  0.16540291803380727     
           3  0.28071315508019246     
           3  0.22625366440304542     
           3  0.22781004215812983     
           3  0.19996233588945128     
           3  0.18478359621301810     
           3  0.25216528578759678     
           3  0.11440544259867749     
           3  0.24299841646196993     
           3  0.25277378708794146     
           3  0.23653597613155905     
           3  0.32307244116131750     
           3  0.20621031302652018     
           3  0.26238275327002714     
           3   5.8947512658507430E-002
           3  0.21930909649204422     
           3  0.35354434985332467     
           3  0.20075684582322453     
           3  0.25872280142010717     
           3  0.25687851643784121     
           3  0.23456676265519352     
           3  0.40343867157788715     
           3   5.8251452459189369E-002
           3   5.0122335726095264E-002
           3  0.27509931532144927     
           3  0.22504180772393040     
           3  0.36742933915618742     
           3  0.28510718632581289     
           3  0.25756091886044391     
           3  0.36207937964328440     
           3  0.12096107852575566     
           3  0.28758145228458404     
           3  0.10374013989184555     
           3  0.14056280079777439     
           3  0.22769682042457759     
           3  0.12607734903721834     
           3  0.26919180663212844     
           3  0.17651312150783557     
           9  0.17802550297679190     
           9  0.34993640747473986     
           9  0.19307860958077738     
           9  0.26843394315868180     
           9  0.17691437350092243     
           9  0.18337820240466082     
           9  0.24404773576399211     
           9  0.29047254574823317     
           9  0.18990472065884240     
           9  0.29377319307269828     
           9  0.23808063671292654     
           9  0.25380309492244113     
           9  0.29973784898419581     
           9  0.26994007086577809     
           9  0.29855756019521673     
           9  0.31208417485799567     
           9  0.27547094803569377     
           9  0.33992468610369941     
           9  0.34612140368359356     
           9  0.31102408905381490     
           9  0.24969156467127210     
           9  0.23916435813881259     
           9  0.23182635325418346     
           9  0.30697693123045328     
           9  0.22828521742395708     
           9  0.25684973161346530     
           9  0.26422587446293372     
           9  0.27255677529908545     
           9  0.24160103497876678     
           9  0.27648049938833624     
           9  0.27404417266118214     
           9  0.27579826739652347     
           9  0.20874689677402947     
           9  0.20619180076927210     
           9  0.29493285007878306     
           9  0.27123948147151217     
           9  0.26690639460527471     
           9  0.28583455922283751     
           9  0.28351278825483289     
           9  0.26726660034252203     
           9  0.31309996228365811     
           9  0.36878668160499778     
           9  0.35277755935120575     
           9  0.27167783998795025     
           9  0.31480244392788742     
           9  0.24408113992059857     
           9  0.19704531245944545     
           9  0.21423793316134271     
           9  0.26067232439675159     
           9  0.23623244214986186     
           9  0.22332106918696787     
           9  0.18438319622355212     
           9  0.29136517686963270     
           9  0.21337196540128409     
           9  0.26772195787792902     
           9  0.30733588375840554     
           9  0.19510778484991595     
           9  0.38137027766411408     
           9  0.30100964748330428     
           9  0.26859244687124262     
           9  0.36317045193934300     
           9  0.28077123411619953     
           9  0.32572118238483522     
           9  0.15223546653574219     
           9  0.18887928158853948     
           9  0.24483798652419031     
           9  0.31486385605536876     
           9  0.27623923705627246     
           9  0.25169742627042302     
           9  0.25867925027204447     
           9  0.19939685689878747     
           9  0.30022182716040396     
           9  0.24033827759638149     
           9  0.27512165521655474     
           9  0.27430639053398070     
           9  0.30247102280509786     
           9  0.24049728496716508     
           9  0.32051486540643226     
           9  0.20102382780360858     
           9  0.26651451471315918     
           9  0.26321448237517020     
           9  0.26727541641745273     
           9  0.24327469801570006     
           9  0.25211313122999651     
           9  0.29349400975381373     
           9  0.34403337746082130     
           9  0.27001709199141066     
           9  0.29520860500827190     
           9  0.14148445829962877     
           9  0.30613664628267251     
           9  0.32684772800190481     
           9  0.32056417472453963     
           9  0.32771065417522938     
           9  0.29151551093754030     
           9  0.21501133159553779     
           9  0.23213832921513136     
           9  0.24645686862181163     
           9  0.19647143951463433     
           9  0.27689546559330619     
           9  0.28257625145293408     
          27  0.29493775188073873     
          27  0.28660291153772827     
          27  0.29102208260641638     
          27  0.26355688899418517     
          27  0.27448745233974248     
          27  0.27219660846807331     
          27  0.26264579534107968     
          27  0.30246898770393071     
          27  0.26595020285924276     
          27  0.27734384954488256     
          27  0.32064043436205841     
          27  0.31863754492579544     
          27  0.30031099154732777     
          27  0.31017861342916003     
          27  0.29926129227680370     
          27  0.34423806118943451     
          27  0.28413565592263751     
          27  0.30086825700858605     
          27  0.28218741781632256     
          27  0.28392333962746119     
          27  0.28226963731999632     
          27  0.28525330495199547     
          27  0.28848081692352368     
          27  0.26824494841725544     
          27  0.26873470899331531     
          27  0.26472788570600747     
          27  0.31265652301612762     
          27  0.27911373800696987     
          27  0.27923149570749023     
          27  0.26479270606073863     
          27  0.23531909522914246     
          27  0.26266789024775061     
          27  0.29885486202635725     
          27  0.28012496355800842     
          27  0.28880039406821534     
          27  0.30202333221109545     
          27  0.30413728751364610     
          27  0.26050145471651365     
          27  0.27299348549905328     
          27  0.29593519670215640     
          27  0.27297347270520811     
          27  0.31568954921350967     
          27  0.28574486746122157     
          27  0.29274209953058328     
          27  0.27603361543952665     
          27  0.27538361543844803     
          27  0.30405379143328731     
          27  0.27447136837053104     
          27  0.28333013422949915     
          27  0.22431199341089295     
          27  0.26802903848896698     
          27  0.29279436398504305     
          27  0.30594009904262492     
          27  0.32303692817111185     
          27  0.31564135488701212     
          27  0.25852481897954432     
          27  0.28023862696983209     
          27  0.30400389151078411     
          27  0.23822249024941464     
          27  0.31148097306476585     
          27  0.27832121577509383     
          27  0.25468680269907368     
          27  0.31512298471657896     
          27  0.29663108281823930     
          27  0.28466380628439125     
          27  0.26212443493977139     
          27  0.27969068399163016     
          27  0.22965177049896252     
          27  0.28461370799302593     
          27  0.27601541490883896     
          27  0.28411085187107993     
          27  0.28058468452197693     
          27  0.26984605248151217     
          27  0.27081858453291846     
          27  0.26007083870095798     
          27  0.26872908301784326     
          27  0.26231194722693885     
          27  0.32309727839051910     
          27  0.27507803266987774     
          27  0.28135250194555872     
          27  0.29119963300386437     
          27  0.26000704403388053     
          27  0.26976924018456988     
          27  0.33987018700747984     
          27  0.29231100580548963     
          27  0.28624596382374262     
          27  0.27794952241152032     
          27  0.28012891885841240     
          27  0.27296759605867127     
          27  0.24500939714353609     
          27  0.26773788187100223     
          27  0.27794744894185763     
          27  0.29690408004806224     
          27  0.27920284552753966     
          27  0.26090107171631083     
          27  0.25814156567887148     
          27  0.30760012660178188     
          27  0.28918923758165166     
          27  0.27196971525419256     
          27  0.26574107633999117     
          81  0.29061850796055172     
          81  0.27955424988362687     
          81  0.28615881057335957     
          81  0.26567875671219193     
          81  0.30404176526738880     
          81  0.27225148380678854     
          81  0.29558449993771135     
          81  0.29245598122009481     
          81  0.27946364681495361     
          81  0.28818222264914267     
          81  0.28984694273995210     
          81  0.29596038006550596     
          81  0.27573662226568385     
          81  0.29654899196575879     
          81  0.26711191693429859     
          81  0.28009849998467973     
          81  0.29417531814451620     
          81  0.29274311352373150     
          81  0.30003874454630669     
          81  0.30097230705405925     
          81  0.30350209522857868     
          81  0.27897901380382195     
          81  0.29401568969325415     
          81  0.26832433634776975     
          81  0.26987654018713225     
          81  0.28821369461344171     
          81  0.29180292144753461     
          81  0.27920893035182215     
          81  0.31587946376809384     
          81  0.29696343660075830     
          81  0.30131798604285348     
          81  0.29290365659303086     
          81  0.27003366362346665     
          81  0.27677175616153676     
          81  0.30576122842623310     
          81  0.30028484491242641     
          81  0.28895518150852989     
          81  0.28712745002408585     
          81  0.30429803220337409     
          81  0.28370310419540473     
          81  0.29625560245394816     
          81  0.28594147817746651     
          81  0.29591295049125560     
          81  0.30271299278708552     
          81  0.28945951465815134     
          81  0.29210864844585949     
          81  0.29069156778040700     
          81  0.28113902560928816     
          81  0.26964661877335794     
          81  0.29618058174166056     
          81  0.25773911727898202     
          81  0.28794497599835150     
          81  0.27961479855534949     
          81  0.29452450961855370     
          81  0.27576057601778459     
          81  0.27381663551195418     
          81  0.29921725961355777     
          81  0.28476274605353846     
          81  0.28925118491094426     
          81  0.27846222201333237     
          81  0.26878864913675321     
          81  0.29542242393614898     
          81  0.28262629636508330     
          81  0.26312088526043670     
          81  0.25656913009092375     
          81  0.30046863888202102     
          81  0.30593208135793920     
          81  0.29014804123872157     
          81  0.30883742109101242     
          81  0.30736975784410198     
          81  0.29449528142817982     
          81  0.27714892251130530     
          81  0.27008949516054598     
          81  0.28568591103664059     
          81  0.27620211602381356     
          81  0.28494960416858850     
          81  0.27505019739323416     
          81  0.28353751538876182     
          81  0.26089845348259066     
          81  0.31129668780928005     
          81  0.31091049777504937     
          81  0.27376439799909391     
          81  0.27610615011478240     
          81  0.25926900349705267     
          81  0.29089968888010448     
          81  0.30488391114209057     
          81  0.27578783986541905     
          81  0.28010993119850447     
          81  0.28161796390012483     
          81  0.26813208532972860     
          81  0.28703035453961528     
          81  0.27226627086613503     
          81  0.29662100227679838     
          81  0.28674909845318897     
          81  0.27851792981161383     
          81  0.29169508004126110     
          81  0.27918490595313999     
          81  0.28879731056685981     
          81  0.25877662344611863     
          81  0.29009828067288118     
         243  0.29044647551201136     
         243  0.28651806419478099     
         243  0.29264796508616520     
         243  0.27638778367148392     
         243  0.26854732429841949     
         243  0.29347364202799087     
         243  0.28355819086358819     
         243  0.27138945851826152     
         243  0.29263916465617484     
         243  0.29683603190511043     
         243  0.29433677828711929     
         243  0.28290535645375786     
         243  0.30326231560952466     
         243  0.29501235116657587     
         243  0.29471966382388159     
         243  0.28896419441397125     
         243  0.29741324295147470     
         243  0.29012768958266799     
         243  0.29741268953212896     
         243  0.29637589230066208     
         243  0.29275798257549801     
         243  0.28589471874008815     
         243  0.28566419873733889     
         243  0.28719745364946175     
         243  0.28155323811885108     
         243  0.29722472305617542     
         243  0.27947357041369025     
         243  0.27816090462875470     
         243  0.29258307851316667     
         243  0.28145927486705247     
         243  0.28495108652270179     
         243  0.28694301589169613     
         243  0.28942740252664273     
         243  0.27758854629626617     
         243  0.27808288099521128     
         243  0.29499292994049997     
         243  0.28600828456874994     
         243  0.28831478369016966     
         243  0.29251548312953252     
         243  0.28732495175840600     
         243  0.29337722742839717     
         243  0.28962947590863342     
         243  0.28877106966095950     
         243  0.28783390329099751     
         243  0.28311753678540114     
         243  0.28623186044029308     
         243  0.29818608347169401     
         243  0.27230687191836883     
         243  0.29050615276600511     
         243  0.28556879183136324     
         243  0.28725298635128754     
         243  0.26794311732938403     
         243  0.29066819804637728     
         243  0.29562137684535689     
         243  0.28851667846961487     
         243  0.27545247158824210     
         243  0.27267189874422842     
         243  0.28908896248287408     
         243  0.30068721030211082     
         243  0.29161341967693599     
         243  0.28139210810534027     
         243  0.28921841754700639     
         243  0.28213788580971982     
         243  0.29047040711478744     
         243  0.27320344860131895     
         243  0.28481987851450580     
         243  0.29305052866259895     
         243  0.27825834480147466     
         243  0.28973351096184924     
         243  0.28668826816085818     
         243  0.27684523378400805     
         243  0.28432403351329083     
         243  0.28860761049261863     
         243  0.28889231996366155     
         243  0.28979180652751102     
         243  0.29554288725710581     
         243  0.28951821446703069     
         243  0.29457294211858526     
         243  0.27595661079528999     
         243  0.27759265940451761     
         243  0.27886066033839430     
         243  0.27496339817510557     
         243  0.27215075471515793     
         243  0.29253456061360600     
         243  0.28478355894144075     
         243  0.28078694003591986     
         243  0.28237283981085964     
         243  0.28932227664724874     
         243  0.29359273155439630     
         243  0.30796224317029769     
         243  0.28559137303445598     
         243  0.28201156894635798     
         243  0.29126467149927199     
         243  0.28682324283749749     
         243  0.27592367840993942     
         243  0.28966621724068081     
         243  0.28952005436844275     
         243  0.28253523880651238     
         243  0.29106804166540767     
         243  0.29671094759586342     
         729  0.28312236948616681     
         729  0.29141568296094023     
         729  0.28446601142559530     
         729  0.28386208448833194     
         729  0.28976565940163790     
         729  0.29152993971365537     
         729  0.29415207919651598     
         729  0.29443414873515572     
         729  0.29492619009307652     
         729  0.28171394105625697     
         729  0.28443530675081208     
         729  0.28232549938498075     
         729  0.29095094488668233     
         729  0.29120720960888202     
         729  0.29295294983999676     
         729  0.28889012968733757     
         729  0.29571516859773456     
         729  0.29033034278145958     
         729  0.29306935255142286     
         729  0.29355534517129767     
         729  0.28055325490139854     
         729  0.29077182979389171     
         729  0.28886299717129371     
         729  0.29178681736389628     
         729  0.28598367723241108     
         729  0.28825535134291574     
         729  0.28566379475306786     
         729  0.28406147149363137     
         729  0.28925800133635582     
         729  0.29049185082678342     
         729  0.29247637201176729     
         729  0.27997877489449147     
         729  0.28798919875824325     
         729  0.28503238644628592     
         729  0.28752661186705081     
         729  0.28462111483016400     
         729  0.29372496834730200     
         729  0.29188222197223268     
         729  0.29397442536320811     
         729  0.29030125114833610     
         729  0.29374238443231793     
         729  0.28489053477402915     
         729  0.28796807939368196     
         729  0.29688437451623695     
         729  0.28205514981476371     
         729  0.28594823395147778     
         729  0.29116606801764322     
         729  0.29013791742240697     
         729  0.28051203099822453     
         729  0.29765259233959462     
         729  0.29019005746924731     
         729  0.28679916621111451     
         729  0.28622751623980885     
         729  0.28744912212156953     
         729  0.28882060072856536     
         729  0.29300670821492841     
         729  0.28730696965002100     
         729  0.29254473195144465     
         729  0.28827974987761273     
         729  0.28749463219370730     
         729  0.27987820906915484     
         729  0.29203620012638831     
         729  0.29206000944594757     
         729  0.29236483605269092     
         729  0.29861796212705977     
         729  0.29023005173092131     
         729  0.28288258388351523     
         729  0.28588455098484150     
         729  0.29159156285419069     
         729  0.28010488806317713     
         729  0.29834708455752257     
         729  0.28889806344682922     
         729  0.28280283614270163     
         729  0.29192448744495331     
         729  0.28998085414969998     
         729  0.28622763511647431     
         729  0.29333743442432841     
         729  0.28389765765604269     
         729  0.28433695656308366     
         729  0.29054874733233332     
         729  0.28990655578053542     
         729  0.28811661454750043     
         729  0.28262358074707988     
         729  0.28821880313359144     
         729  0.28897778864630441     
         729  0.29230185903563877     
         729  0.29476445439920196     
         729  0.28727730746583574     
         729  0.28632151806143230     
         729  0.29687322415969236     
         729  0.28884050672928502     
         729  0.29287054502127674     
         729  0.28625410313427141     
         729  0.29369587906553085     
         729  0.29074360940617588     
         729  0.28424773456808539     
         729  0.28328157425159195     
         729  0.28343632368824112     
         729  0.29594001145906806     
         729  0.28331450235014699     
        2187  0.28841036498953193     
        2187  0.28569080737752467     
        2187  0.28843356868522468     
        2187  0.28392578382334471     
        2187  0.28765440983046392     
        2187  0.28718736096075165     
        2187  0.28712474266123000     
        2187  0.28371389902172350     
        2187  0.28610978338278864     
        2187  0.28110436489016888     
        2187  0.29022547658295045     
        2187  0.28398523096385925     
        2187  0.28991490249654744     
        2187  0.28853756335083269     
        2187  0.28919838051120733     
        2187  0.28558368872600992     
        2187  0.28970475882559743     
        2187  0.28865139195026313     
        2187  0.28679168591973597     
        2187  0.28941689308959889     
        2187  0.28950786365766135     
        2187  0.29161587113737708     
        2187  0.28338721504224823     
        2187  0.28599127304656424     
        2187  0.28899703816350686     
        2187  0.28499920206175677     
        2187  0.28663739146479311     
        2187  0.28514714168581767     
        2187  0.29031597735714210     
        2187  0.28864610483263686     
        2187  0.28892530445302755     
        2187  0.28726768307060879     
        2187  0.29158872418227205     
        2187  0.28774440004730212     
        2187  0.29079627149917420     
        2187  0.29023360100946155     
        2187  0.28246685181649600     
        2187  0.28786681135386483     
        2187  0.28778969377499347     
        2187  0.28924806574441614     
        2187  0.28464428182439161     
        2187  0.29107453463405275     
        2187  0.29031915977018624     
        2187  0.28912001784321495     
        2187  0.29394390814769622     
        2187  0.29032306087132781     
        2187  0.28989955727166294     
        2187  0.28872133118483806     
        2187  0.29071080732503851     
        2187  0.29370867637403575     
        2187  0.29250302755616897     
        2187  0.28741655630922097     
        2187  0.28240320276245634     
        2187  0.28792936549638676     
        2187  0.28864117816664059     
        2187  0.28442534769321359     
        2187  0.28941015783107410     
        2187  0.29076673038839984     
        2187  0.28766131546649965     
        2187  0.28760179688247683     
        2187  0.28837516338661695     
        2187  0.28602057923224228     
        2187  0.28512896635789547     
        2187  0.28381396109668022     
        2187  0.28477019671669496     
        2187  0.28621379076811948     
        2187  0.29132705107998730     
        2187  0.29346237336592818     
        2187  0.28479285286603595     
        2187  0.29475026579805930     
        2187  0.29052265293352769     
        2187  0.28686938736082496     
        2187  0.28881311297407086     
        2187  0.28849609237283874     
        2187  0.28623116868942788     
        2187  0.29067102842952491     
        2187  0.28537883513433548     
        2187  0.28347798757867887     
        2187  0.29049469833021246     
        2187  0.28496740867571446     
        2187  0.28998535773137996     
        2187  0.28881833999437895     
        2187  0.28855772533587709     
        2187  0.28713872502519272     
        2187  0.28586738394697619     
        2187  0.29089370219145405     
        2187  0.29069374033735579     
        2187  0.28475752252664943     
        2187  0.28706466943221026     
        2187  0.29078521981946653     
        2187  0.28738990882307275     
        2187  0.29260754811807682     
        2187  0.29106031184875364     
        2187  0.29100035685957332     
        2187  0.28632288680351453     
        2187  0.29228761471302112     
        2187  0.28639490232341641     
        2187  0.29102588109979599     
        2187  0.29183110202121054     
        2187  0.28671525040175860     
        6561  0.29062233302982343     
        6561  0.28770496790270039     
        6561  0.28825973297513274     
        6561  0.28763661637595311     
        6561  0.28736865571099490     
        6561  0.28901541337876380     
        6561  0.28818718763713114     
        6561  0.29064773371282726     
        6561  0.28746295820127238     
        6561  0.28858215562336631     
        6561  0.28662614282750859     
        6561  0.28957027349336378     
        6561  0.28878711656307932     
        6561  0.28600377504190039     
        6561  0.28814699270948396     
        6561  0.28897850437445094     
        6561  0.28867929647296103     
        6561  0.28996202405895782     
        6561  0.28693317533101487     
        6561  0.29030128671196515     
        6561  0.29052100409279202     
        6561  0.28735297207369426     
        6561  0.28975523830425676     
        6561  0.28694513958240986     
        6561  0.28717633851327684     
        6561  0.28836255009044431     
        6561  0.28898327703528903     
        6561  0.28960117471769231     
        6561  0.28880941360833939     
        6561  0.28790580299491730     
        6561  0.28667831611968969     
        6561  0.28943696026259763     
        6561  0.28791367242978178     
        6561  0.28833103478561800     
        6561  0.29034917114648068     
        6561  0.28956566361254860     
        6561  0.29055752552272540     
        6561  0.28942895358272008     
        6561  0.28926629681896537     
        6561  0.28936968765944632     
        6561  0.28919436032082108     
        6561  0.28438341788522009     
        6561  0.28808419295595683     
        6561  0.28840848528648411     
        6561  0.28965582079286772     
        6561  0.29016989856272385     
        6561  0.29126148592791079     
        6561  0.28794101646445897     
        6561  0.29121151212835161     
        6561  0.28817308915380369     
        6561  0.28829050207665718     
        6561  0.28618870573166927     
        6561  0.28951875497176255     
        6561  0.28867426866727885     
        6561  0.28452107202264659     
        6561  0.28878877945726067     
        6561  0.29153353284318978     
        6561  0.28747662227217147     
        6561  0.28987560726647316     
        6561  0.28799795035187664     
        6561  0.28563947920731370     
        6561  0.28867097411088122     
        6561  0.28705901210121609     
        6561  0.28983475396739161     
        6561  0.28828179298293821     
        6561  0.29105948454871888     
        6561  0.28848607964967843     
        6561  0.29010088848940963     
        6561  0.28725251779361838     
        6561  0.29127399541162852     
        6561  0.28782032230576754     
        6561  0.29032747584029878     
        6561  0.29087636270310685     
        6561  0.28830505707743387     
        6561  0.28678319365907806     
        6561  0.29054791944880115     
        6561  0.28779830281050878     
        6561  0.28548013199632449     
        6561  0.28689958584233921     
        6561  0.28682426851223103     
        6561  0.28784198257850119     
        6561  0.29017834474969750     
        6561  0.28874735774961574     
        6561  0.28853545027692951     
        6561  0.28598288408958999     
        6561  0.28539761423198112     
        6561  0.29028248201793355     
        6561  0.28961259039635656     
        6561  0.28824517466457988     
        6561  0.28806946692057989     
        6561  0.29080445072638472     
        6561  0.28660722685137963     
        6561  0.28962507265521825     
        6561  0.28710253180222445     
        6561  0.28968339246599667     
        6561  0.29127110672808748     
        6561  0.28948899356644181     
        6561  0.28780347976664311     
        6561  0.28959619376294077     
        6561  0.28756580016354855     
       19683  0.29064401013511054     
       19683  0.29014187924906465     
       19683  0.28788014206921747     
       19683  0.28753039153353477     
       19683  0.29007927079192120     
       19683  0.28999313784955350     
       19683  0.28812213024141703     
       19683  0.29032758953382970     
       19683  0.29042105019623610     
       19683  0.28869617369231226     
       19683  0.28981871179314816     
       19683  0.28975044709192971     
       19683  0.28800409069765515     
       19683  0.28864087454017945     
       19683  0.28865294421339494     
       19683  0.28795775951457958     
       19683  0.28833923449876475     
       19683  0.28869571827760454     
       19683  0.28803558816497676     
       19683  0.28844949130847719     
       19683  0.28843763927679295     
       19683  0.28732259065395754     
       19683  0.28884860900074494     
       19683  0.28795343737173534     
       19683  0.28893355948945415     
       19683  0.28913795218177452     
       19683  0.28901148738861221     
       19683  0.28814923512501683     
       19683  0.28892575662101994     
       19683  0.29045062721617160     
       19683  0.28897922272549431     
       19683  0.28886456397240423     
       19683  0.28760636485170799     
       19683  0.28905187451071790     
       19683  0.28758460916685408     
       19683  0.28906273922847414     
       19683  0.28908728288053387     
       19683  0.28843699439483900     
       19683  0.28796499540345144     
       19683  0.28776929597205592     
       19683  0.28801159437263474     
       19683  0.28924618864262364     
       19683  0.28843890577506764     
       19683  0.28987844174498528     
       19683  0.28793506987297035     
       19683  0.28943398170840245     
       19683  0.28745754082461439     
       19683  0.28794991370250550     
       19683  0.28862032945171007     
       19683  0.28873029493360902     
       19683  0.28934767578153686     
       19683  0.28831853270373176     
       19683  0.28765028216131783     
       19683  0.28814506348234864     
       19683  0.28867084284717354     
       19683  0.28814027335165682     
       19683  0.28813884191019917     
       19683  0.28835065272859733     
       19683  0.28879178970689667     
       19683  0.28860067440169329     
       19683  0.28881806276824401     
       19683  0.28930086824268791     
       19683  0.28887885035533351     
       19683  0.29138823944118780     
       19683  0.28735766625482551     
       19683  0.28902388031806048     
       19683  0.28952374005546355     
       19683  0.28872909993502410     
       19683  0.28920489067079391     
       19683  0.28888169226370214     
       19683  0.28865294356819376     
       19683  0.28967049190501626     
       19683  0.28878880709247989     
       19683  0.28962850400812523     
       19683  0.28855965342145634     
       19683  0.28921764665286598     
       19683  0.28895109948639963     
       19683  0.28772003221902920     
       19683  0.28765309606667938     
       19683  0.28760298551859553     
       19683  0.28775603266006583     
       19683  0.29014344204613018     
       19683  0.28852060396464074     
       19683  0.28896450124231582     
       19683  0.28940752820628518     
       19683  0.28918895805896166     
       19683  0.28852764775661754     
       19683  0.28896198608168283     
       19683  0.28997954241211349     
       19683  0.28889211683793509     
       19683  0.28788591759108745     
       19683  0.28784586199273648     
       19683  0.28906069522617861     
       19683  0.29165646033234927     
       19683  0.28943305509724676     
       19683  0.28851730006116200     
       19683  0.28818969553620549     
       19683  0.28908706111034360     
       19683  0.28883915463487669     
       19683  0.28983628715321663     
