           1  0.66649352924380378     
           2   1.3325817266173163     
           3   1.9998290734246900     
           4   2.6644952971931026     
           5   3.3287017544781423     
           6   3.9938218871020323     
           7   4.6598534199317818     
           8   5.3291057312701158     
           9   5.9985398687486606     
          10   6.6610678724566306     
          11   7.3278804455949222     
          12   7.9927839389273148     
          13   8.6592288725315978     
          14   9.3222216324769391     
          15   9.9906443727213485     
          16   10.658446544725944     
          17   11.318757665597165     
          18   11.980150748303513     
          19   12.646309300845184     
          20   13.316176585147431     
          21   13.978117869398814     
          22   14.650503925653492     
          23   15.317464472493283     
          24   15.980053771520577     
          25   16.646638554835818     
          26   17.316514391102633     
          27   17.983452336053475     
          28   18.654448349128604     
          29   19.318437686153651     
          30   19.987360660991808     
          31   20.649636440057154     
          32   21.310659181891303     
          33   21.974859708100819     
          34   22.643115045364297     
          35   23.313296788883466     
          36   23.978604638930129     
          37   24.646749441480068     
          38   25.305415906751524     
          39   25.968109182801385     
          40   26.635994183976461     
          41   27.301197972337881     
          42   27.964154352316886     
          43   28.626010606076459     
          44   29.296437308137179     
          45   29.972393018967942     
          46   30.644307159692495     
          47   31.303720329866575     
          48   31.975681780932391     
          49   32.648227407158515     
          50   33.310190328291228     
          51   33.975824445782003     
          52   34.640415731453210     
          53   35.310345774385006     
          54   35.980963050977188     
          55   36.651020991397480     
          56   37.305972229932692     
          57   37.981283212197347     
          58   38.652184427928240     
          59   39.322880031051518     
          60   39.982748433456081     
          61   40.655371468475430     
          62   41.315789063188035     
          63   41.993597147935297     
          64   42.667654617208576     
          65   43.340885825045149     
          66   44.013864464549293     
          67   44.687985511779424     
          68   45.350039704624045     
          69   46.008563173926539     
          70   46.678430385053673     
          71   47.350295056262972     
          72   48.024657626785135     
          73   48.682970655451030     
          74   49.339765730763318     
          75   49.999822270660509     
          76   50.672185062798690     
          77   51.342893264259061     
          78   52.006672866941720     
          79   52.682626588956303     
          80   53.361012567584908     
          81   54.024464951270858     
          82   54.686638416073542     
          83   55.362855082319150     
          84   56.030308253422660     
          85   56.699509483541675     
          86   57.359426749380866     
          87   58.016638310003039     
          88   58.675714510072019     
          89   59.355872783644003     
          90   60.026335875735086     
          91   60.691512174788457     
          92   61.358543448214554     
          93   62.017087548528963     
          94   62.691208743475784     
          95   63.357816480325418     
          96   64.022527072624726     
          97   64.696438429111012     
          98   65.376593611319763     
          99   66.044365865804409     
         100   66.718799387052783     
         101   67.387504973054575     
         102   68.042627001146201     
         103   68.703505865722335     
         104   69.353028774964883     
         105   70.019094863896058     
         106   70.669745966778009     
         107   71.336822058699909     
         108   72.003080195107714     
         109   72.682383592279024     
         110   73.355948738919835     
         111   74.017587497274477     
         112   74.683714491947242     
         113   75.357871315743751     
         114   76.030210064685377     
         115   76.716038398897396     
         116   77.391105520330029     
         117   78.058844831721558     
         118   78.719623360772346     
         119   79.396020123849112     
         120   80.061139759259760     
         121   80.729736181022460     
         122   81.397537481025736     
         123   82.064338860173621     
         124   82.749318239307399     
         125   83.417503883437917     
         126   84.078797785630940     
         127   84.740655636711097     
         128   85.408883715074509     
         129   86.061492348415939     
         130   86.701910832805467     
         131   87.397728963463138     
         132   88.075368428582891     
         133   88.744259977832641     
         134   89.405149273143181     
         135   90.079401162160238     
         136   90.735254639335650     
         137   91.403667142111615     
         138   92.052098501346677     
         139   92.722660848544962     
         140   93.380201125681651     
         141   94.042246574843773     
         142   94.707431546976537     
         143   95.375889529494529     
         144   96.048096827349994     
         145   96.712635615097568     
         146   97.384486044658018     
         147   98.039893231412535     
         148   98.693206324595607     
         149   99.356623787972097     
         150   100.02047639083419     
         151   100.68637487646460     
         152   101.35433691824510     
         153   102.02610044770118     
         154   102.69420250087046     
         155   103.36153025164484     
         156   104.01542069139965     
         157   104.67987751457241     
         158   105.35565967476528     
         159   106.02588506801828     
         160   106.69132397559321     
         161   107.35592272797579     
         162   108.02450324885821     
         163   108.69805227920658     
         164   109.36127272390668     
         165   110.00316624477017     
         166   110.68319351001568     
         167   111.34438594722042     
         168   112.01496131367459     
         169   112.68971687813034     
         170   113.36517379437790     
         171   114.02171398528323     
         172   114.69007867024678     
         173   115.34110537997022     
         174   116.01207832655231     
         175   116.68447192255464     
         176   117.34137207413028     
         177   118.01689719956072     
         178   118.67570389589505     
         179   119.34129200512480     
         180   120.00514860574721     
         181   120.66704086207695     
         182   121.31853669975595     
         183   121.98953662406282     
         184   122.66137823144975     
         185   123.31703375067958     
         186   123.98067741315005     
         187   124.64779787650575     
         188   125.29535507071454     
         189   125.98511103036972     
         190   126.65107771935254     
         191   127.30878785906609     
         192   127.97250697110601     
         193   128.62292999411113     
         194   129.28359451169666     
         195   129.94580274532186     
         196   130.61091915427090     
         197   131.28853986890383     
         198   131.95364912373151     
         199   132.62521730558939     
         200   133.28247490219135     
