           1   1.8496709975543156E-005
           2  -1.3597377508027701E-004
           3  -9.2728061645591491E-004
           4  -7.4415798421099391E-004
           5  -6.7320451459325044E-004
           6  -3.0377134105686769E-004
           7   2.0550743452114792E-003
           8   1.7009921514553662E-003
           9   2.4049519899437171E-003
          10   2.6769372712545803E-003
          11   4.2447128722231577E-003
          12   3.0190255345290142E-003
          13   2.8760473643638612E-003
          14   3.6365476331293367E-003
          15   3.6326736769792243E-003
          16   3.3665905476094071E-003
          17   4.0848193516966197E-003
          18   5.0458269566735874E-003
          19   6.0165491121604471E-003
          20   5.6247607457592733E-003
          21   5.9165862706588119E-003
          22   5.5914261096167185E-003
          23   6.3464790049410627E-003
          24   7.1072861429956977E-003
          25   6.1580111838383722E-003
          26   5.9955218380322636E-003
          27   7.2054693920360798E-003
          28   7.8156674323913294E-003
          29   7.5864750456959718E-003
          30   7.6747283069612884E-003
          31   7.6317971486153258E-003
          32   7.3749517686741914E-003
          33   7.0220020931207926E-003
          34   6.7384140022428143E-003
          35   6.9719206082522762E-003
          36   6.6267456297435046E-003
          37   5.5809202786447328E-003
          38   4.6409002534110516E-003
          39   4.1622041575923490E-003
          40   4.8303673523034611E-003
          41   5.2461344107270838E-003
          42   5.1444514822645464E-003
          43   5.8645918737620468E-003
          44   6.8465158107283413E-003
          45   7.7598140836044041E-003
          46   7.6935279252952097E-003
          47   7.0759245323060030E-003
          48   5.6192433145664973E-003
          49   5.8204369681897792E-003
          50   5.6500705442168375E-003
          51   4.5058360127151762E-003
          52   5.4659878423353788E-003
          53   5.5554147425756952E-003
          54   5.5197411191915740E-003
          55   5.4619695464429912E-003
          56   6.0107750916993819E-003
          57   5.9677278569738087E-003
          58   5.8914093556135484E-003
          59   4.9840541906812667E-003
          60   4.7043140142873658E-003
          61   4.9298496886397598E-003
          62   4.9867672064195382E-003
          63   5.3222853366075695E-003
          64   5.5666595240618415E-003
          65   5.8448648279319990E-003
          66   5.0974829330659808E-003
          67   5.5200243182039260E-003
          68   5.5889880344901204E-003
          69   6.2892194600345135E-003
          70   6.1486018834606441E-003
          71   6.1742290442277758E-003
          72   6.4590710443138003E-003
          73   6.4611175769096292E-003
          74   6.3923778729052848E-003
          75   6.7679792344386069E-003
          76   6.9987036500367920E-003
          77   7.2746211394572203E-003
          78   6.7090712794797957E-003
          79   7.0695946666099897E-003
          80   6.4824790936109811E-003
          81   7.7136010927215306E-003
          82   7.9642818207495258E-003
          83   7.3151918576737363E-003
          84   7.6412585247866479E-003
          85   7.1484505442130633E-003
          86   6.6037393020738147E-003
          87   7.1078767007596994E-003
          88   7.9295324237014589E-003
          89   8.8081465326563298E-003
          90   9.2527516203998184E-003
          91   9.4335403786438860E-003
          92   9.7252467094654429E-003
          93   9.9964122477203907E-003
          94   1.0461651541058327E-002
          95   1.0022060080066191E-002
          96   8.8179484616438628E-003
          97   8.3060499109396946E-003
          98   7.4754411226614168E-003
          99   7.8228125126729112E-003
         100   8.8469541983668392E-003
         101   9.3459506217459885E-003
         102   9.3224006299419647E-003
         103   9.6856894995278626E-003
         104   9.4947243611064255E-003
         105   9.9625165044865006E-003
         106   1.0232020582509960E-002
         107   1.0467023186198323E-002
         108   1.0552675102942563E-002
         109   9.7447694464365773E-003
         110   9.0209791433785713E-003
         111   8.6643930119062202E-003
         112   8.9811296645648433E-003
         113   9.4248801858000733E-003
         114   9.1706749272246636E-003
         115   9.8046012287306659E-003
         116   9.9183057867287573E-003
         117   1.0517328196578512E-002
         118   9.2627391606714370E-003
         119   1.0105417756886666E-002
         120   1.0450482043103221E-002
         121   1.0358434815381831E-002
         122   9.7690146785158992E-003
         123   9.9241287588234927E-003
         124   9.8019456761041582E-003
         125   1.0324090664737339E-002
         126   1.0723358477301196E-002
         127   1.0390925631113950E-002
         128   1.0314217833150365E-002
         129   1.1055795263419183E-002
         130   1.0695663620204764E-002
         131   1.2070036699549730E-002
         132   1.2581510638043426E-002
         133   1.2459430241216119E-002
         134   1.2649303807206788E-002
         135   1.2582905267986708E-002
         136   1.2700924753377201E-002
         137   1.2510285700897687E-002
         138   1.2360219082714946E-002
         139   1.2582774069423838E-002
         140   1.3134664341910700E-002
         141   1.3521457703750586E-002
         142   1.3797201163140224E-002
         143   1.3921009868175191E-002
         144   1.3227512545113040E-002
         145   1.3347960488149888E-002
         146   1.3269426104479802E-002
         147   1.2438611002107943E-002
         148   1.2703780625931789E-002
         149   1.3070959203852281E-002
         150   1.3295941399512791E-002
         151   1.3139615692233235E-002
         152   1.3786877223752780E-002
         153   1.4225398865664152E-002
         154   1.3881218502397569E-002
         155   1.3801181502266479E-002
         156   1.3910236382528779E-002
         157   1.4531824915576655E-002
         158   1.3957892554910905E-002
         159   1.3564617224079168E-002
         160   1.4636491477073039E-002
         161   1.4198949032066177E-002
         162   1.3331603052335168E-002
         163   1.3339677713963220E-002
         164   1.4194161221984799E-002
         165   1.3871131524778701E-002
         166   1.5021352109307671E-002
         167   1.5811053449099118E-002
         168   1.4210086429035769E-002
         169   1.4058578543588270E-002
         170   1.3308265036020353E-002
         171   1.2853837481249386E-002
         172   1.2711937940489826E-002
         173   1.1690058659196208E-002
         174   1.1236863652822509E-002
         175   1.0631603879225885E-002
         176   1.1424761078892721E-002
         177   1.1910700828107803E-002
         178   1.1756103396189691E-002
         179   1.1516150923489368E-002
         180   1.2209855980570939E-002
         181   1.0845141270703518E-002
         182   1.0887701956021229E-002
         183   1.0499446828184406E-002
         184   1.1445278039105283E-002
         185   1.1637196760842947E-002
         186   1.1436816836186959E-002
         187   1.2433463223864899E-002
         188   1.2760035651653808E-002
         189   1.2390117749251566E-002
         190   1.1922395277006999E-002
         191   1.2365763931884126E-002
         192   1.3327599744010392E-002
         193   1.3434228378092179E-002
         194   1.3327160633156336E-002
         195   1.3978423790305077E-002
         196   1.2616811215625062E-002
         197   1.1973202322440556E-002
         198   1.2363363586830912E-002
         199   1.2398116527501257E-002
         200   1.2308528880025215E-002
