           1  0.33359835285664552     
           2  0.66707555179460198     
           3   1.0005052238376737     
           4   1.3335152766915688     
           5   1.6677817590318322     
           6   2.0029333440799495     
           7   2.3347445619414828     
           8   2.6656197944203792     
           9   2.9938106065442769     
          10   3.3227291562058174     
          11   3.6596300192383078     
          12   3.9896444743732324     
          13   4.3220515598357032     
          14   4.6544328818429994     
          15   4.9946698388564821     
          16   5.3276768919138622     
          17   5.6591780363055779     
          18   5.9975935623502394     
          19   6.3305634859741859     
          20   6.6591613575237094     
          21   6.9905270116497862     
          22   7.3221872908482286     
          23   7.6554705237993961     
          24   7.9856181368418824     
          25   8.3249980847689269     
          26   8.6571404497338023     
          27   8.9933630294695828     
          28   9.3252889365349567     
          29   9.6563491838274356     
          30   9.9860257738330755     
          31   10.318662940509286     
          32   10.649097353565688     
          33   10.987773331286393     
          34   11.321961111540578     
          35   11.653508711663985     
          36   11.981965991004461     
          37   12.310986115272179     
          38   12.644038222982960     
          39   12.983642541637467     
          40   13.316720030819344     
          41   13.649524406856296     
          42   13.979350674020223     
          43   14.316623946031669     
          44   14.652701648733510     
          45   14.985011479663791     
          46   15.325916654224068     
          47   15.667365807422092     
          48   16.001283122885255     
          49   16.337487075996879     
          50   16.674225066004553     
          51   17.019721252896726     
          52   17.350877953925785     
          53   17.683050569848461     
          54   18.009964650623786     
          55   18.344545417712194     
          56   18.682028338281619     
          57   19.017843501279895     
          58   19.349543096876921     
          59   19.682512033892070     
          60   20.028430767402000     
          61   20.369811951197271     
          62   20.708504525118961     
          63   21.041075340578185     
          64   21.373645267145363     
          65   21.703801503449817     
          66   22.031854364995873     
          67   22.365675155626057     
          68   22.699015494025183     
          69   23.036211127525540     
          70   23.364895055553912     
          71   23.689682297502017     
          72   24.028400406357676     
          73   24.370418502632937     
          74   24.698961081909133     
          75   25.036905275475522     
          76   25.359736308630872     
          77   25.708995648102022     
          78   26.051822258859378     
          79   26.389725449808811     
          80   26.726300518441377     
          81   27.056973618190590     
          82   27.379374406000593     
          83   27.718233826367570     
          84   28.051019289572775     
          85   28.387974969447932     
          86   28.719127408327555     
          87   29.064726663907564     
          88   29.407022557419829     
          89   29.738221565764544     
          90   30.080206386941484     
          91   30.404827841945444     
          92   30.739817091130220     
          93   31.067264206406715     
          94   31.403894395219869     
          95   31.746127734556325     
          96   32.062244551844458     
          97   32.397769449448909     
          98   32.723993739352707     
          99   33.057399322609619     
         100   33.390440062065458     
         101   33.717034691922393     
         102   34.054242063538609     
         103   34.382769273118257     
         104   34.718533284268474     
         105   35.048365924332650     
         106   35.389621323863999     
         107   35.733074185444636     
         108   36.071688056032535     
         109   36.405305711055632     
         110   36.749502057754917     
         111   37.077192128629086     
         112   37.400036844678993     
         113   37.741942229413873     
         114   38.070367929419973     
         115   38.403610042744944     
         116   38.732320591414386     
         117   39.054333411060064     
         118   39.396572606456914     
         119   39.730699280428865     
         120   40.059097627186389     
         121   40.403299112345948     
         122   40.735049921618355     
         123   41.062328370194564     
         124   41.383530914466490     
         125   41.714698206198094     
         126   42.042724458186605     
         127   42.395928603275870     
         128   42.740093570488987     
         129   43.072923641015102     
         130   43.410937819304465     
         131   43.747337781938015     
         132   44.084150831017837     
         133   44.415406565776664     
         134   44.738815304898061     
         135   45.068946236987941     
         136   45.406702312579853     
         137   45.732208242581173     
         138   46.052761500496963     
         139   46.389246169913420     
         140   46.731916141950897     
         141   47.078032128456108     
         142   47.419556888570931     
         143   47.758137945609299     
         144   48.094743104912865     
         145   48.408495112912888     
         146   48.726801648852231     
         147   49.056144037837669     
         148   49.377279058604522     
         149   49.721980332535225     
         150   50.045763843151207     
         151   50.377979151242528     
         152   50.709216169455793     
         153   51.033271884189659     
         154   51.347377766000228     
         155   51.688040885768181     
         156   52.020518689743440     
         157   52.360284621723025     
         158   52.699645340427587     
         159   53.046876480284617     
         160   53.382215241176837     
         161   53.718149901803876     
         162   54.030389386795761     
         163   54.355880942803516     
         164   54.694684856878162     
         165   55.048233166611475     
         166   55.401894484461017     
         167   55.723509905044246     
         168   56.052882087718530     
         169   56.388433792812762     
         170   56.706096117764879     
         171   57.048253070934742     
         172   57.380097295548396     
         173   57.717174082473193     
         174   58.034680202125564     
         175   58.355352687476277     
         176   58.660741125482780     
         177   58.988841495369215     
         178   59.321100125544007     
         179   59.648381136838218     
         180   59.991325862000771     
         181   60.317232817926410     
         182   60.648765478675713     
         183   60.979903659209356     
         184   61.293675332996123     
         185   61.613433042045287     
         186   61.958319420576629     
         187   62.302440585792553     
         188   62.642275038527607     
         189   62.971841039980220     
         190   63.302291499102708     
         191   63.649845348618122     
         192   63.968328714382480     
         193   64.297180214644101     
         194   64.645066330319835     
         195   64.991431726849996     
         196   65.333819869085787     
         197   65.681169384575298     
         198   66.018835609510759     
         199   66.344834251154367     
         200   66.675558732539372     
